5807
7637
3831
7345
5967
2196
5531
1720
8554
467
9601
7004
2314
7767
7028
7937
6040
3186
45
9363
5205
4228
8282
9275
9378
7781
7486
1642
554
2550
3904
4605
5294
5603
872
2222
5542
4588
1686
2494
4904
9614
143
6961
4910
8211
3742
9616
9030
3027
1426
5702
5021
6233
244
8277
5219
4606
1138
2194
9673
3671
8814
2022
6107
3851
3105
7781
8037
3237
657
3759
40
3051
9339
7079
3986
6940
7655
1895
9647
3608
3429
3295
8612
6665
3585
8980
3247
2666
9664
167
3438
2811
5649
7348
64
293
1290
4781
6744
747
1435
3744
1750
7477
6708
63
821
192
6260
8844
5770
9813
240
8770
5423
7799
7006
489
115
9426
8739
2507
1331
9138
2436
6880
4592
4172
7925
2036
8553
9357
1017
3829
7117
4269
5091
6248
7363
3854
5811
6968
2244
9662
7817
6274
1579
9858
824
9677
6681
5351
101
2170
6667
5252
693
573
6956
3423
4352
1500
9779
6673
4130
2618
5000
340
1235
5296
4472
2962
5192
8491
8118
3309
9218
8882
2567
830
7356
6925
3617
9276
9355
2104
729
8633
4015
6220
4387
4474
1467
428
1943
196
8723
6416
1420
1286
9478
7454
2625
3895
8284
2891
5842
3952
7762
6928
5400
8534
4573
3379
8544
150
8597
789
8811
7052
479
5489
9080
3703
9184
7083
3467
2062
3139
7729
5412
4291
5295
2902
6766
221
3929
8385
5854
2489
2310
6700
2945
1702
8167
973
8578
9068
2970
8208
2918
8389
9132
5478
3986
9498
2656
9524
1358
8378
4693
6284
2809
1815
1127
6777
7510
3392
5307
5196
6931
8458
8180
2007
1842
9294
3483
4245
2016
1303
2995
4307
7902
3556
1331
5806
5281
7259
3903
1585
6804
121
4958
1959
4266
2817
6761
6656
3922
5366
8002
5190
746
794
4766
5872
7932
8837
5524
6466
2352
6245
5986
4022
9045
8994
4870
6653
1606
9569
7250
2158
1691
3078
2683
2013
7163
2983
7993
1569
5916
5245
1191
4087
8465
8539
4642
4113
846
4925
7132
673
2584
7876
8933
945
9705
8966
2987
6268
4577
9787
8756
7955
2223
1521
3212
692
2270
511
4498
4783
2971
181
4805
9025
7365
903
7433
6090
4545
1649
921
2567
622
760
9268
1559
4291
3532
3330
3167
4063
4677
6800
8964
8938
7825
3917
5219
78
5339
4064
5459
7902
6706
7664
3034
4999
3472
5380
1408
6354
9067
8989
1758
9497
9810
6869
8890
6123
1600
3630
1935
4949
8601
7332
1184
4336
7202
8343
4889
8439
5554
5055
6010
4202
5075
4920
16
1721
5239
5669
9515
8365
7526
1689
540
6865
1725
530
188
2140
5554
3716
4141
4115
573
3215
7861
9027
3047
3212
7557
3574
3213
1425
6294
3748
4605
1717
4273
9869
8213
9272
2818
245
4791
4451
6073
9886
6206
6488
6135
8527
8487
1260
1895
7224
2382
2361
5334
2842
7262
7422
1646
3906
8109
6576
4169
6918
2081
4939
3853
7366
9402
9074
4178
8316
9285
3429
1373
4965
2454
7042
1911
6430
279
4775
9410
9887
4664
6356
571
8523
2661
2072
8277
4794
2559
3517
8903
9398
3754
6446
8440
6609
1494
6487
7302
7371
6401
8015
1861
8573
3895
5316
3911
5446
8778
9232
1778
5843
3418
6760
3417
5581
8606
7970
1310
5622
9342
8850
2531
5594
7984
9452
4315
4358
1158
3733
2071
295
4289
8065
1189
4484
5268
5072
9572
2816
1156
8789
5667
7374
7440
4253
3304
3253
4413
4975
7383
9761
8994
2310
3786
5689
3260
7535
6092
6973
8847
2388
5535
4067
5352
1575
7174
1588
4704
2931
5832
9685
7944
4710
3547
1431
3415
6414
9847
1863
5136
8829
2116
7543
1715
9848
3047
9544
9038
2844
6532
4864
8334
3833
3328
6846
3431
2321
6895
2629
5608
654
8040
5963
6132
2413
3534
4542
1620
9615
4528
9864
4148
6487
1444
9340
8980
2462
768
515
9724
1274
853
8830
5243
8656
6694
2399
5604
5036
600
1161
9388
9871
3452
6142
8460
2104
2065
1104
8681
2776
1984
4716
325
4465
1063
3284
473
5750
5359
4522
8344
5473
6531
3799
9611
5383
8762
5459
3295
4451
8701
8838
2207
3163
1153
3544
4896
2753
3106
7691
5046
8335
881
2768
6304
2243
3265
7075
196
9874
4350
676
5747
3371
5837
884
2956
5018
4959
1956
8901
263
1678
2119
3283
4683
4360
2863
7465
3180
1977
5803
613
867
3954
8103
9108
4746
4720
5138
5298
1290
8069
418
2534
8459
478
1689
8572
1358
7504
8082
9062
4509
4381
3007
1454
1503
4387
6122
4380
6932
5566
8942
3998
963
2298
9405
6194
3989
3965
1182
3664
5696
4096
4396
375
3267
8192
7403
834
541
2694
4386
158
2506
9544
3112
1850
5549
5997
4142
5285
5642
6592
7193
6764
9564
9301
3577
9988
3011
1951
422
7122
8590
8873
4875
8549
6943
243
2540
3035
1861
9405
1562
2146
5317
8
5783
1257
7729
8795
190
2476
6215
7162
2053
2506
3225
1133
1076
8978
3371
5240
851
2099
9678
3690
6521
8944
1217
727
5879
7238
760
5714
3389
9106
7038
8024
7928
8777
2844
8841
7352
2688
4238
9103
1408
3123
7737
9399
5010
3659
1547
6339
7615
2469
9985
3072
4493
4905
6543
1132
5901
4668
4980
6010
5576
8869
1792
2794
9412
5831
9695
6405
5586
8207
4719
7808
7923
7515
3780
8482
8027
5118
4961
1858
1071
778
9058
3150
8802
1027
9412
8754
9056
5441
3635
4352
1427
986
2453
2188
7198
1449
4753
2908
378
4970
4762
5201
2107
6479
9440
8535
4301
7357
5657
8494
580
9958
5532
394
2304
3394
3010
4137
7393
3898
2512
4865
5424
9246
9383
2324
6415
1426
3470
4519
2744
7243
5410
9271
258
4823
8993
6995
4555
610
817
3509
2622
2560
9508
5888
509
9851
6127
7803
5869
701
1151
3670
1015
8602
2009
7744
1774
4115
2321
6970
2569
7230
352
114
1957
4735
7903
4099
5937
4676
4147
7268
7299
6171
6739
2645
2903
7
1920
7692
8585
2948
6300
9535
6462
8790
7869
7420
5649
9950
3918
3514
3741
8845
6609
7983
9728
3622
3652
2281
1594
658
6605
3711
535
1365
5519
6130
7922
415
5879
5591
5791
6588
2114
8796
1031
9915
952
3518
1455
823
1868
3391
3756
301
463
6799
2723
5824
3286
4580
2934
5870
1666
1508
5578
6338
3304
1164
8954
2947
8987
3978
5322
6174
9200
2663
7977
914
9716
8140
5325
1977
4305
8086
9331
6458
4806
7751
6308
9084
9246
9172
3227
1454
9776
993
7382
2678
8371
9929
5568
8934
398
7026
2201
7858
1366
4145
580
1059
1181
5339
3186
8922
3516
4183
4580
5804
5439
254
8389
3177
1296
9562
4882
6345
3976
6934
9812
7464
7986
1024
8997
161
7374
3584
1421
4590
1388
4904
9543
5367
1795
5238
2518
3583
9812
5762
8193
1220
3283
1605
5270
9415
7902
5745
263
1030
5125
5669
8793
5715
6446
7366
4677
7776
2899
692
6148
5353
9013
1871
9764
6345
5860
2993
5886
6316
3587
1600
4676
8410
5364
3763
804
8465
7519
8143
3497
1828
3109
1070
5293
9332
858
5801
8650
362
9069
8820
2013
4469
9549
2488
2406
9708
3714
2783
1849
4191
8392
9811
8143
3515
417
8118
9550
5920
313
7072
881
7869
735
8672
6340
5965
1092
3304
8815
3317
426
2884
4326
7736
2513
9171
1964
396
5754
2481
4908
2384
6163
3273
4208
1208
8076
6307
2144
6360
7617
5354
5728
4949
6412
3068
7098
5649
656
648
2046
4133
8647
6500
8311
8749
1251
5210
7186
415
7433
4377
3256
2885
1348
3521
7633
2592
6485
7821
2224
7741
6549
4829
3119
5243
6478
9358
2895
3952
7541
761
5158
8771
7468
5788
7445
2974
8336
2824
1260
1434
1904
2367
3767
6131
9392
6769
4350
4350
8969
5565
3585
8997
8548
6289
7076
1616
1254
1346
4502
9303
648
1501
2303
5498
6532
6726
6640
8249
6303
407
9086
1931
1240
6374
6494
7689
5069
6638
1099
4648
7940
7997
5794
2871
9140
2097
3408
4608
1284
7730
2691
1217
9697
4111
7800
5943
2250
5757
8670
2510
2222
2663
6744
9651
8329
1005
4849
3372
5182
5636
9777
5654
8417
3785
6857
9355
8387
9138
6509
5121
8628
835
6089
2723
7211
5399
2764
5726
1988
8586
7494
1150
2385
9947
2615
7130
8116
2109
1088
2877
6384
6955
359
7353
8536
8282
3047
203
2324
4633
984
7329
4157
8228
3986
5992
9968
8329
434
8747
9878
1256
1766
24
9477
7285
340
8153
285
320
6768
979
4770
5487
7384
2625
2009
8009
9112
2678
8981
417
9699
8568
6057
9806
1316
1244
7434
3155
5897
8395
4861
3016
6922
3318
3731
8886
8394
7076
7673
9303
4911
6664
3113
5749
9630
2502
7380
7433
3752
6138
3371
5338
3085
4346
9311
8362
2956
6902
1520
6392
886
7985
4712
9425
4567
846
8337
8589
1799
4550
9971
5961
5548
963
1561
1584
2643
50
3573
5790
9421
6852
8995
5026
556
1993
62
9155
4152
1260
3951
3440
7193
9080
682
8757
1757
6170
8780
8228
8444
1911
646
3069
6992
3586
3944
7662
5603
6329
8572
5620
8136
671
2040
3678
3589
3694
5447
9832
1125
3795
6754
6110
1982
4472
7500
8205
1129
6129
7287
6158
3583
5662
7434
1418
5052
4619
4896
182
4124
147
1506
6169
1478
5781
6216
5884
3430
6897
6170
8063
4073
2561
5471
2697
951
8464
2072
3368
1450
2106
4372
2582
8813
6754
2385
8371
1086
8619
141
4712
5472
6460
9721
8763
2121
98
2699
1103
6052
5984
4316
3831
234
331
9018
452
425
1736
3300
2870
9923
7142
4425
230
118
9492
4325
3278
3997
9480
5969
199
2875
5560
3761
4018
7546
9911
8392
8350
4082
5439
6817
7841
7822
4669
5961
6727
4684
1031
197
3184
8062
7981
2801
4466
7950
1038
3868
8351
3920
6160
3527
2100
3731
2441
6907
8016
8775
4270
8851
2212
4311
8045
2210
1291
2499
9626
2111
5432
9388
4560
7662
2519
7584
3793
2587
8769
5167
4339
1730
5941
4877
2412
205
2143
6695
7656
6787
7475
4102
4626
7441
5750
7154
1423
3742
7938
2385
4459
202
3492
9105
7388
9411
3595
7538
4447
1267
3298
9018
7789
9502
8154
8221
8598
5751
792
9761
7799
3572
6328
8395
3926
6111
5082
2670
2362
1855
8018
756
405
9112
9904
2754
6808
6772
4284
3869
2867
3552
5555
5065
6414
1918
4954
8636
1169
4946
4859
8423
458
6336
5278
6293
668
5232
2058
2657
9996
918
2400
9753
6797
4864
2856
8783
3690
347
5367
6876
6226
7894
3544
5566
8211
1257
9147
2158
6611
1755
35
9015
5961
8053
9525
1846
6620
394
2335
9239
7393
3276
515
381
5103
1691
9284
8342
6691
7945
4655
5241
7074
2597
5878
5956
1072
2149
218
856
2927
1060
2291
2810
542
5387
3454
8624
6334
5101
5560
2797
5243
301
5597
3820
6271
8515
6729
3872
3806
840
9865
446
6387
3941
7014
7045
9808
8070
2830
7536
6080
4083
8894
4977
1462
1141
8032
320
4845
6516
7267
5609
9495
212
9607
9320
2842
280
5816
3049
3465
5046
4460
3368
4938
2351
3827
6859
3357
7645
9537
2671
204
1409
4020
507
9847
6244
8520
8
5391
6830
5720
8819
3654
8888
9382
7665
1198
9309
8508
1216
1034
3642
9722
7700
3661
2926
5157
9744
3313
8229
5861
8193
2950
2262
809
3480
3993
3885
1171
2253
3419
8478
140
9025
5308
9792
4016
5154
8156
1365
839
1106
5892
2559
7912
8074
8182
5259
3128
4290
1179
8477
3787
6423
2340
8828
5134
5400
6608
915
8817
6709
1217
4604
5019
1335
6080
9808
4674
3618
3183
2582
9348
4077
5915
3127
4840
2287
3989
4821
3734
9199
4066
5158
4841
2881
280
6810
5752
3779
8704
9299
7867
9325
4341
913
7765
2018
502
7427
6561
8668
4502
8146
9142
5651
6149
664
3904
3762
7991
4364
7325
4458
4998
3268
4730
2734
4207
9712
3892
5556
3947
5840
1545
8766
5682
57
8633
9277
1548
5305
5809
7693
3532
9926
7508
2660
8059
4566
5054
2694
6102
7213
1887
9992
2161
4337
1824
9178
4314
9075
6605
9555
2183
6242
8109
9332
460
1969
689
4602
2316
4375
7544
9705
7189
7266
5832
9140
6792
1161
1305
6260
1325
4219
7615
5655
9205
5587
8501
6775
9408
150
3838
9996
5227
5085
3303
5112
6271
2872
1267
2193
9410
2668
353
7649
1964
5319
9689
9004
4216
4979
6371
2745
6298
4701
9633
7056
4922
5334
2068
4312
6714
2310
5409
3
7161
9322
2950
6687
9972
9474
5577
1565
3573
3778
2508
1084
3883
4719
8541
1725
2297
8348
6243
3457
2269
788
8578
7877
508
9720
4949
8518
4606
9933
883
9128
5335
2377
4350
8126
6665
2095
9928
1711
5566
193
1299
2457
2743
4921
2895
467
6198
4338
3011
4695
8002
4637
1332
4645
7423
713
5415
8872
5947
4415
787
335
8992
4020
1536
2791
688
1979
8135
8508
1132
2568
6922
9724
495
5280
2391
672
8428
8020
1168
9262
6747
3391
4021
9965
2131
2443
8072
7520
1283
404
5279
3826
2164
9150
4674
9400
2627
2105
7159
856
7504
4640
912
9449
5455
6953
3339
3202
6527
8844
7589
1402
6648
3822
8815
2452
9451
6197
6062
6609
2166
2477
7910
9433
3980
6887
9538
8912
8453
333
892
6136
8470
8600
4579
5676
2740
892
5133
6678
7977
2204
7530
2622
2497
917
201
6779
2249
6016
3583
7185
9068
1728
5682
7514
8830
2478
7873
5580
2557
7447
2507
5595
5121
6136
4015
9918
2692
3844
5904
8275
7666
6847
9995
2958
7859
7137
9979
4961
1094
5317
8353
2705
2445
3593
37
3713
2618
9644
8023
1987
3530
5024
2108
4612
1580
601
4468
6158
3870
7293
9689
6129
2563
6526
1004
1637
8070
5820
886
2545
3848
2480
9480
9995
9271
1300
3599
5990
582
4890
8107
2504
8432
3180
7321
6957
5662
4795
8340
5004
3767
7968
3261
5041
9150
3614
5560
377
9605
8409
1281
2953
4961
3429
5993
6116
6437
5386
404
2054
2229
1682
7904
9268
5177
3659
9407
9514
2019
7072
2922
6946
9067
9554
544
6644
9276
2178
4280
4943
8012
3311
7513
1485
9013
3148
9157
2648
4859
4607
1396
7753
4088
442
1883
8595
4866
8026
3811
1574
4672
1545
2062
8740
8526
1885
2893
5338
1557
4560
33
2127
280
4418
1978
399
7234
6851
9104
4655
1118
1364
3439
5068
9641
363
8134
3071
3240
11
225
2384
7259
3722
4651
2740
1799
9857
5748
4049
2976
4339
8412
2049
3513
3391
4818
1893
7590
3332
6506
405
7268
5199
1360
3063
7326
3007
8196
9339
4803
5008
7099
2653
923
2972
949
9184
7961
1057
9091
7243
2524
8780
5610
8071
7621
3546
1429
4166
6176
1660
3333
7121
1139
4593
1333
3921
6218
232
7026
4347
6269
1771
1157
4847
2684
8038
9114
8979
1478
2115
1134
2848
8227
2066
2469
3705
539
5917
5618
8651
1710
4519
286
2551
3430
7538
1910
8606
252
5424
2680
2738
493
5877
8056
3513
8363
2979
289
9692
4791
5323
7452
1964
9183
9766
1797
7662
8258
654
9305
5645
2263
238
6859
7716
4363
7756
1278
9922
4049
2543
7095
9207
4969
1653
1776
7005
2421
3271
617
2155
2054
8629
5850
1551
5803
7533
8715
3338
6368
6721
6956
1015
7505
2683
595
2510
2054
6762
6831
7742
3367
9485
4574
4505
1410
6680
8348
5588
8429
9401
2841
201
9295
9927
2816
1263
6687
9098
3406
3546
9998
4353
5015
4947
1477
7038
3873
8972
1011
5090
8343
8144
7165
4806
125
8213
655
5131
9271
8472
6985
259
9371
3372
9378
5046
795
4970
9978
5846
7955
3387
7689
5646
6373
7802
8619
3291
1540
297
6923
757
9428
6067
4010
9735
3683
9206
544
3229
1923
1034
6250
5850
658
8848
4366
1244
3724
4550
150
9877
591
6355
9618
4423
7159
5165
6906
6117
120
2326
7223
137
6409
9094
5616
14
4029
2593
5233
2190
4699
1498
8374
1057
8444
7394
6558
4114
4316
1266
612
5844
2850
1191
4821
3994
468
5174
153
3923
3381
33
8586
2566
9018
9410
4404
7388
2615
5902
8180
9910
5837
6310
4855
4615
810
2435
8568
1744
2286
6685
6684
3490
8953
6442
3483
2938
9465
5598
9975
4616
119
7167
4167
5712
6414
772
2697
3571
485
146
4558
9490
7006
8932
1104
4426
7625
5492
1569
8049
8370
606
9367
4557
3334
5061
7396
6820
5396
4753
8944
5256
7305
5502
6419
1616
1703
9987
5733
175
2168
2585
1786
5690
7077
7899
483
469
7116
2480
6258
2889
6329
8887
1196
1926
2922
9834
9636
1758
8168
9110
4074
2663
879
5080
5034
6069
1374
2424
8568
2565
1377
7005
6729
9701
2435
8297
1186
889
9597
8985
4612
3386
8337
4897
5238
9990
9747
8613
6716
9041
952
3728
5903
1048
3615
733
4150
7847
4585
1110
415
8199
6080
3735
2009
7939
401
1243
6030
5881
6647
2944
6715
5696
1083
1374
4020
1811
7001
7684
5443
996
2684
8720
9755
9543
6478
4106
1905
7988
687
4546
2722
1273
8255
3669
604
7354
2411
1646
9238
9246
893
3491
2144
5461
3361
4409
3492
2405
8412
9237
7288
2317
5717
7906
6579
8882
1397
2220
6491
9261
7884
7066
958
3938
1903
142
1651
3292
2080
9980
4030
5339
2439
8654
196
3393
8785
2938
1461
1215
9546
7483
1394
2689
1789
3950
485
8105
353
699
3505
3270
7447
1784
9205
5926
7836
9548
5686
8653
7019
7543
3069
1956
8211
6776
1930
3090
1303
1003
7911
2376
2199
3385
5433
5869
4141
1930
5995
4863
9824
5933
9561
9497
9612
1467
5826
7423
6691
8921
3087
6436
3564
3290
6763
9027
8194
2241
5420
8574
1001
5997
9174
8614
4258
364
628
8259
7517
6712
8545
9811
3348
4578
7130
4678
1994
2070
2536
6711
9610
9734
6298
6273
9854
3466
6133
4533
606
6583
2244
4311
5885
8572
9901
276
5237
9866
6599
6306
3195
8758
1256
1348
2520
4658
1461
6377
2192
9535
3856
1809
4758
4323
1566
6695
552
4060
9534
643
7410
9664
8278
3297
3557
5462
5612
5265
569
3734
8298
8573
9083
6921
2123
6644
2226
7388
9483
9116
2666
2449
2315
6717
8791
8728
6099
5061
6253
3548
3922
5976
9771
8909
2171
9225
9938
8454
622
1554
6003
6442
2648
635
4618
6526
3548
9544
9995
4322
3110
4273
2602
3166
771
3404
8658
8625
7643
8510
2216
141
7598
9298
3061
7380
374
4954
3740
5748
2673
1810
5581
6125
8193
3243
6962
620
4547
1211
8355
1903
9155
8887
6472
7076
6126
1452
6475
2428
7217
1770
4868
140
649
7111
6121
8324
6050
6638
6714
7791
2503
8061
1374
849
3609
6232
2833
6322
314
2487
2147
2803
1905
9698
225
2489
7901
7578
3385
1347
365
3107
572
150
1402
8370
5475
3724
5639
1104
2156
6873
1597
1106
6875
1952
582
3102
8270
7985
9389
2287
1584
8389
4741
418
6820
1736
1296
2514
9705
2886
5118
3139
3787
8359
4363
3404
8857
850
6015
619
4847
9121
6696
6365
6057
3301
8986
7139
2050
7011
6968
1758
4178
5255
6385
6608
1619
2113
2703
9122
1823
5553
1453
9338
867
3914
9602
8937
4456
9400
7391
4614
9422
8608
1422
9688
5516
7863
6357
4633
3668
6323
3571
8264
5256
8263
4675
2014
3322
194
3674
3173
4884
5749
2993
2965
3046
7893
5232
7139
1020
3873
5986
6175
8918
9441
2299
1876
5173
6983
4092
1493
6877
9484
2865
6963
8778
1238
425
3290
7505
6678
3090
8761
4530
9150
3301
7429
4556
1603
7686
4833
4872
1148
2118
8009
7005
7793
8676
2533
5623
9336
7808
9395
3230
1188
8362
8902
4223
7721
8843
3885
2061
9616
3488
9245
8080
692
9469
6451
8584
6235
6461
9648
1254
3013
1255
6489
9072
7523
9024
9486
9928
8179
162
2850
6427
4365
1270
1913
2290
8973
8082
8346
4684
2748
5063
62
9997
7898
4945
5905
6220
9578
3685
813
8011
2980
2805
1728
7084
3577
2458
8083
2231
9946
8728
6954
2671
9292
2327
4010
8054
7686
2613
2608
1374
9180
6373
2911
9331
4080
1995
1559
2566
4900
1006
9872
7515
6944
3680
2457
4380
5634
3149
1955
3015
4740
2732
1820
8354
6689
7314
4485
672
7717
3352
4819
9379
4882
9551
8859
1315
519
840
390
3316
2291
603
6466
6178
5926
781
3704
1208
1887
4876
8126
8755
4028
2462
4009
9788
2417
5672
5820
8378
5202
5255
8621
5397
7581
3038
9964
5169
9934
9791
2113
2210
9503
7888
255
6899
9077
1887
7937
4283
5467
7567
3760
9183
6083
7118
806
3027
3671
3971
7213
6784
8105
6360
1610
7091
9352
5054
5934
8578
7001
8714
635
7463
8098
941
2112
8742
7191
3218
1497
1493
908
1459
7182
4630
5059
9701
1502
6494
2785
771
7729
3664
6893
8266
8620
8057
1220
4586
643
1275
2057
3900
5286
6922
1565
6342
7363
1429
560
4784
9077
5193
79
4852
4439
44
2928
5345
3697
5243
9549
4409
935
6078
7465
7749
5925
6429
6851
4753
1117
4361
7043
7115
2290
783
4313
8829
8804
8545
3814
9439
3279
295
2276
2199
4045
6421
4919
4962
5811
9886
2388
2973
1163
4784
856
1863
840
7126
4467
5512
4879
2556
5726
145
5094
6760
7923
8913
1040
1707
141
9504
8484
5682
9717
6310
490
29
4576
570
2800
3543
5177
8391
6053
9923
6082
9913
826
3217
2341
8704
7494
6894
7951
1814
1337
5222
6104
2360
1917
6772
7785
9328
6313
7315
7994
329
292
7771
2016
156
9967
9286
179
5543
7513
9282
1633
7548
9225
516
4592
5885
3082
1823
1857
9135
5600
5620
6734
7757
6278
7346
5013
2502
8331
8839
8259
1215
3417
3479
8032
7560
9069
301
3597
1172
9552
2153
4597
4877
5129
7117
4566
6602
4940
9923
7153
9843
7958
3450
3205
4469
6355
2252
5171
5486
6548
2290
5156
2686
9448
9639
1466
5438
1339
7472
2789
4548
7643
9996
4085
7463
2311
4377
7928
8016
2497
3436
5665
9409
776
8018
1018
8920
1371
6474
7297
7231
4707
6384
2940
6293
5150
5072
9791
8121
5666
4443
9351
1146
3488
6780
6945
4823
2806
3187
4176
7475
1814
3727
4455
9953
3628
101
4453
3325
8551
795
5894
7136
3167
192
2216
4112
2370
1767
7986
7329
5154
3110
2851
3448
6565
9934
8421
8870
577
8181
4764
1137
5295
8804
851
4618
1765
1863
2528
4117
7869
2450
2119
466
4393
419
9417
1821
4831
9644
354
4800
114
6161
8787
6548
413
2176
6703
797
5411
7560
9714
3690
6502
6787
2819
9182
8601
7704
4176
2442
5574
9663
5464
6003
4704
9927
884
1830
8766
771
5105
9439
5369
255
6353
5828
2581
5107
3824
8871
4972
7388
5399
327
2196
9566
3717
2853
1709
2146
1946
8097
5986
8213
7606
1300
6727
742
8452
843
5949
6568
4667
5387
8820
7514
6897
56
5603
7263
749
82
1299
1230
5682
5119
8789
3571
3580
3940
5848
9691
2712
6504
7127
683
3657
289
4914
1482
7009
7138
7480
6985
5220
7626
8137
479
3661
1059
8518
5433
2220
7419
9425
1566
9655
4821
6519
2539
7671
9226
851
369
4970
6531
5979
3345
1806
9985
5654
8963
1845
9882
9564
6589
8727
1112
5356
7470
9516
125
7531
5627
4715
5205
4025
1861
8966
8131
2599
1233
2627
721
211
5046
5677
972
481
2168
5263
9486
9854
9201
3078
7473
7605
6185
3409
1059
8995
8520
2322
8978
1231
2193
3149
1835
8205
7388
7203
3954
3748
4786
4808
8769
4648
9482
5512
2178
2928
4849
2029
810
9833
6743
5988
6088
623
278
2899
7127
558
6947
3487
1867
2013
4009
5202
9334
171
775
8573
6010
6413
1955
8927
455
238
8968
8850
7960
1567
9841
2047
3540
8865
1911
5851
7994
4931
4161
8761
1621
7475
2538
9505
8776
2596
8037
3558
9711
936
8355
2151
7418
2816
862
2759
3889
1417
7392
2386
83
6542
8506
312
7445
8838
2341
8718
4808
2847
5362
2367
9277
2857
7851
4392
257
3146
8667
9301
1478
4823
8588
3806
2941
9619
3796
5577
8247
6440
2371
2321
463
7407
4873
5320
9148
5907
6004
5947
5434
3657
1188
4470
4849
864
2309
3317
4530
6542
8310
1644
3163
8536
7134
8665
6419
141
9357
2489
4998
2714
5640
8661
4089
4865
9692
8826
9314
9464
3980
2567
1490
6117
8030
8452
7052
5791
40
1203
67
6107
676
2765
7696
605
3085
2496
243
1620
7324
1046
7700
3887
9159
4555
2470
7911
9969
8793
6538
1812
8981
2339
5077
3793
3055
9628
6904
4007
2209
64
4127
7063
1367
357
6293
929
1496
5421
7972
3207
2888
1852
2241
4305
8305
6681
5987
6120
669
8880
7041
1897
5568
8801
7181
1361
9887
9785
2619
9499
9312
5554
201
5414
4649
6515
3398
8208
7143
4301
4390
3023
9620
4688
2415
7472
3879
8398
8474
6432
7607
1423
6431
9581
2585
2753
9858
1094
7715
2441
9899
78
9227
4271
9296
1686
4176
14
8762
2758
8930
437
1727
9689
1479
6367
1714
9203
5355
9326
6481
7114
6602
6811
7664
8032
7551
2513
163
446
1288
7260
6462
6295
71
9059
4037
6296
5597
5380
1742
708
4433
7300
8777
8568
2983
3985
4857
7129
2497
391
2408
9996
7019
2597
2136
6380
7175
1451
1599
1367
5621
1750
5161
1511
9082
8461
9885
3211
3030
5590
8771
2912
893
9044
8268
6544
1282
3114
4915
272
9186
6172
4797
7667
637
8943
7663
3904
5359
6564
2596
1647
8430
172
3476
4595
773
4347
611
6906
4875
152
2911
6011
6344
2723
5296
1004
1593
9232
821
2689
5830
2171
2555
2200
2780
3359
9216
1956
729
6159
5849
1036
1017
5955
2886
4221
3304
5605
1179
473
6881
5029
4994
5144
6784
1278
6317
7572
160
3311
1631
2333
9504
1362
3859
5666
9548
5635
525
9231
4797
6336
1791
3542
6436
9222
4447
2233
1657
4181
3045
4510
8722
685
1643
8587
2087
4000
327
7684
3572
5541
3139
2641
9987
4139
9522
2513
2531
7362
8048
6720
265
7236
4458
2713
9138
3980
9822
7367
8014
4962
7545
2590
8950
2610
7863
7998
3242
4293
3790
8558
3001
7690
1362
9964
4813
4153
7579
6770
1054
8421
9375
2471
2099
9301
6464
3439
6224
1841
695
2741
143
157
8532
1821
5932
1355
4369
6988
8970
4028
1524
3320
5497
8005
6949
7170
650
5859
5225
4104
911
6320
8580
8614
6655
2342
6284
6886
6764
5984
3800
1115
4214
7424
803
3842
614
649
5184
8775
3612
1003
6015
1921
2650
6660
8505
546
8583
9042
994
3016
3728
7075
8952
4546
1253
458
2839
5291
2265
2421
5453
671
6792
3837
5082
4318
5321
6767
7538
3204
7977
8154
5277
8510
9461
6674
4305
3132
6646
8197
1597
3185
6952
531
2772
3445
8192
5428
9047
9452
361
3419
9636
8580
2758
5821
7656
5914
4795
9555
5737
7780
6095
5218
2893
1917
9764
1380
7567
9650
7139
3453
1500
1131
3371
590
702
7550
4308
2950
7691
2386
4621
5010
9521
9952
2992
843
7768
3959
661
8345
6966
2000
2768
8186
9890
4241
517
76
6620
1836
9371
6860
2613
4292
8522
5130
2642
1333
68
3390
3114
789
2064
3120
4121
6262
8940
3633
3143
6921
5167
9061
3447
2106
6892
6308
6314
7595
9997
8498
7138
3576
7178
2781
1040
7958
36
1577
6165
3294
9321
3897
1115
911
834
4552
9402
7748
6931
5577
2963
8243
8530
6876
3455
1612
7670
5577
3533
8349
4419
5316
9412
3873
9882
9661
1757
3137
8485
7458
1121
9611
5078
7227
2303
5987
1770
3476
419
9626
8805
4549
7587
2622
8503
6531
8453
3494
7297
7997
2572
1857
8401
4943
6388
6649
5173
5374
3528
5671
2405
2736
9651
3629
6676
660
161
2880
8985
1611
6537
9860
9384
3900
2811
4875
1992
8399
6072
9913
4063
9338
9856
1840
6004
9756
2444
7522
6935
8309
1589
6475
3538
6197
5105
4100
4525
7160
1941
395
9135
4842
1426
6786
8516
2839
528
7414
4762
7565
8096
3104
935
8516
1548
6297
9722
4325
6486
765
5881
3191
6861
699
1719
1270
1209
9190
3358
2359
6837
4047
1572
2461
4211
9191
7540
6362
6378
5356
2742
2376
8665
7231
9125
6138
5327
5462
6447
5208
3081
6223
2755
4976
5395
2538
6107
1649
2753
9876
5646
2312
5480
3582
9605
8339
9044
1365
6279
2923
7809
8513
4018
2399
1884
391
7902
740
4661
3896
2588
8010
7659
7737
8137
1630
2755
9530
740
8839
3133
6114
3510
8333
3138
7596
25
3898
7134
3820
187
5627
1328
5614
347
7139
8472
2234
4616
1430
4610
6164
4487
4202
6519
4512
7520
4054
7233
172
3531
6670
1828
7130
5168
2109
5621
6056
5851
8972
6363
1468
1669
1224
5924
6786
585
9679
7668
8368
7323
5650
8290
3867
6343
9865
1499
1353
3235
1754
5421
923
7956
3088
6481
9715
2218
6890
2666
7562
6495
753
40
4928
3600
588
9199
2802
4354
37
4203
5367
474
4874
4505
5120
2493
2296
5372
3384
358
5857
8882
2112
7456
2135
4789
87
3055
8490
3941
4517
8984
6394
6794
9337
8311
7368
3243
6949
4649
5643
8760
1678
7538
6932
6651
4408
2235
1572
3202
314
3947
8635
2969
4303
8461
2968
9773
2927
6978
7632
4040
3077
4789
6657
9815
7143
886
7961
4340
6765
3689
6385
2824
7632
8204
5678
9811
424
4529
9281
6899
8802
6726
2757
8628
8831
5606
4144
1179
6102
1267
1322
3098
7067
5259
6565
6555
2927
8680
9014
8931
4228
4259
563
7388
2454
6200
4956
3961
9944
9658
1637
4163
7052
6098
3040
9820
7531
3852
8306
3481
7344
6024
566
1444
1642
517
5369
7477
8481
8917
3247
8977
3209
2351
8170
8665
1167
4885
7288
1778
159
2121
6783
5293
5651
9182
4408
1726
1392
9460
1986
349
3843
5506
9742
9962
6676
9487
6688
940
4658
9983
3900
8144
227
7316
2269
9508
8300
6838
3614
8196
5988
282
4917
8278
3049
6954
5655
3170
5860
7509
8756
1200
5865
8127
8152
7384
6162
6384
504
2416
5179
3915
96
8156
4885
8639
777
378
458
9239
7988
5068
7163
8876
2211
3731
2934
3927
6425
6058
1619
6163
9847
2748
8389
1860
8825
9942
1274
4715
2100
4344
8241
6623
1938
61
1776
5429
8078
9660
3143
2446
7673
5865
6897
751
2483
2791
1286
4872
1113
1583
6777
7661
5011
6524
2150
254
4835
1541
6930
5434
3684
6451
7782
2054
4350
372
2330
168
4145
6257
1499
1143
7508
3809
3594
8695
7697
1802
8818
937
5625
7855
678
1159
6000
4484
9966
5881
1361
3676
4431
2798
4129
9637
6606
240
292
9490
939
4197
8615
3062
8509
973
3188
3865
346
9476
4397
5675
4388
2435
7920
8051
8207
3720
3829
4595
9097
1491
2243
7609
1053
5341
8021
7525
54
2246
7193
9757
4127
3924
4788
134
4781
4972
6325
4956
721
2365
321
3234
9060
4990
5311
302
9313
808
2957
7866
3012
4509
6616
1378
7656
2732
4447
2270
389
6355
6910
3786
7200
910
7097
3423
7903
6610
7169
4209
13
5173
4280
1004
5883
2149
2392
5269
5506
6953
6827
6747
3955
9384
2609
7421
968
1054
2249
223
6291
2776
7626
5500
3694
7344
1372
3575
667
5648
5097
9076
1459
8964
6017
4830
904
6686
4254
3846
7968
2651
1917
9765
4883
988
2416
4141
9326
3235
8076
1590
5285
8080
5821
2067
463
6982
8949
1871
8830
3879
8357
5132
1565
8916
4906
3482
380
5536
7706
7603
5370
5240
4925
6400
5161
2674
815
8466
3342
5805
2582
6176
9566
8453
9230
5641
6513
6780
8914
2830
5939
4583
74
673
1465
7248
834
7621
5303
6516
6173
6925
8537
9419
9464
1555
9495
5664
6040
9000
8701
2114
5580
6895
6469
2169
2926
344
4798
8327
6238
7214
9430
3358
2372
8228
5724
5973
1629
9950
8064
3907
2086
4359
1639
1790
1561
4801
5031
2138
202
6258
4169
6224
2835
8134
689
6858
2478
3557
9086
3697
5000
5178
7529
3629
8159
2300
7655
2900
3204
3615
6723
747
2027
9655
3031
1719
8096
4883
547
4613
9648
89
873
9881
2853
8695
3877
8036
1637
3067
78
9411
73
770
9818
8262
6883
3307
9059
2931
8582
2222
2539
881
9216
7832
9236
3289
8754
6636
7268
7607
1290
9730
3323
5878
1714
3909
2825
7975
7773
9277
4221
7116
5191
1311
3378
2758
845
2543
6854
7798
6237
2296
5256
4271
4802
1356
706
2931
6065
9702
8253
4246
2223
5472
9550
1198
8790
8624
433
3385
1384
8757
9801
6331
6638
3393
529
8084
382
9899
89
6175
3321
8487
9562
9473
9096
8645
1811
879
6232
2789
5537
5262
9633
3453
7408
8790
9863
5253
313
2038
8630
7430
2444
2774
1993
9251
5242
4400
9451
98
3023
2646
3608
13
4220
1507
4808
4486
3097
1359
8070
8992
1908
3967
4694
7196
3221
3844
4947
787
8317
7177
5394
1260
8379
6694
4348
639
9738
2985
5371
1356
3197
1181
9925
2470
8540
88
6858
3493
5334
1780
4979
268
8292
6769
342
8617
4501
832
8017
2285
2532
9266
9673
7133
5173
1500
9345
2942
6404
6049
399
9649
8044
1686
9377
4483
5609
930
5412
9626
1356
8986
3881
1390
2174
7017
1566
1103
2439
7679
8472
1885
9866
4748
2258
8032
1551
607
6345
62
2825
6271
5237
8547
6641
4478
2925
5302
554
2599
8909
88
4954
112
6798
8309
2092
2074
4370
7781
6993
6817
2432
8077
1072
8001
6964
1295
8664
3665
6877
5812
5670
1638
767
290
1502
4155
4712
8645
7312
3921
4044
2781
9410
7304
1674
669
5332
3608
462
7397
3631
4496
8710
3352
1550
8110
1752
2333
8892
9570
9333
3748
421
1795
4974
4702
3107
994
5099
9770
985
649
6711
8658
4738
418
7050
1557
2566
8729
955
6722
9616
4018
3640
2282
6207
447
13
8528
7748
9512
4405
2695
3082
2581
9341
5641
4189
8625
5737
8032
2932
7310
6361
8738
5371
1898
2445
6080
1104
1347
9715
9980
5574
5095
5583
7813
2054
5714
4976
8998
5334
2406
6321
3410
1832
4053
9590
7194
7850
5930
2884
7478
6359
8881
603
3468
2298
8100
7137
6324
9240
6568
4935
9152
670
4784
5452
34
9999
7332
1222
8609
5215
3186
7774
8379
9350
5434
5764
1495
1642
6546
1167
4073
1761
4047
6238
3041
8813
3650
1420
2500
4392
9871
5570
6455
6370
6473
