6146
7992
1215
7246
2473
6700
5864
4364
8925
9651
3246
154
356
5786
1512
7089
1605
9206
3235
6145
6765
657
2614
3130
7786
5464
4853
3360
3325
8494
9870
8911
1241
8606
322
5700
3735
6465
9021
1686
8465
7960
2985
2454
5617
6189
423
9402
4708
5734
9459
1498
5740
8073
9700
2010
6101
7781
91
8569
8802
1288
1767
1267
7473
643
7859
1611
746
3324
9736
7754
83
1871
4103
5205
7034
1065
5205
6045
9711
8437
1265
9577
4866
3736
5679
4136
633
3134
5911
4004
8977
5108
3680
3563
451
2771
8942
5109
467
4954
2291
8019
2814
3078
8102
1520
4450
6364
5716
2762
8985
3871
5247
5597
6033
6662
5687
8055
2267
7731
4682
5819
5646
9697
2036
5279
8288
8839
7434
2793
5105
8433
6071
154
4856
8599
2772
9797
7427
5655
4639
7278
9682
5493
9447
1477
4798
9173
3060
9791
6438
5584
4425
603
8431
2511
7492
6220
1467
6586
5022
9381
3402
3563
9242
3996
9736
4349
6030
4885
3057
4779
6862
1676
3838
2360
2491
6983
4019
1662
8904
726
6136
9167
8442
337
1311
9493
8749
8764
947
1171
4593
5401
4987
4444
8655
9675
159
7509
9638
3489
5905
2588
4390
8501
6903
1175
891
6228
7507
3185
3888
8685
8756
7220
5191
4229
4005
5779
5482
309
5916
8088
4966
8326
8427
8573
9187
7138
2799
7852
3163
6310
7279
5356
2612
3612
4603
6059
8855
1086
4026
6408
9883
1894
4427
2969
6690
3938
5483
5856
9736
8719
8188
2033
2538
305
4279
5433
6737
8747
4272
4034
2358
4637
8983
4078
6756
1484
1179
6658
5177
3579
2211
5092
829
5402
4157
7479
5491
6885
5367
5884
803
6346
3206
8180
4894
9210
6635
4135
8546
4346
4593
1795
2632
3870
5070
3273
1068
7453
1750
8029
1157
2385
1114
5191
1949
7320
6380
6870
5429
6512
8736
961
1609
2106
3543
815
1154
7833
8240
1791
6458
9929
611
2003
7135
8480
3425
4312
5224
607
3466
6026
4704
5707
7997
3939
1679
4264
1904
3146
3132
2507
6145
780
9547
3660
6583
785
9842
7972
4399
7442
4229
8954
3604
7464
9734
2817
1055
3916
843
8598
4858
5940
6369
6981
2752
6253
6640
4304
3094
9355
7325
8746
9161
8387
2137
4143
819
2849
6731
978
2862
2815
2399
7001
285
6255
1063
248
5484
4412
239
7011
5387
6981
2094
831
2751
1460
2964
4116
7937
1588
8440
9379
5501
2335
3719
856
5782
5735
7137
9884
2168
9101
4955
53
2897
9287
5017
7938
7753
7760
4566
3815
1490
6355
9523
2414
7131
4600
9014
1400
639
2527
4046
9059
5721
8526
7257
2733
2749
7799
9709
8764
8714
4053
1553
4564
2983
7133
3674
3438
9032
6882
8880
3334
4177
7567
761
2203
7514
3368
1354
5920
9335
7642
1437
5536
711
3776
5867
6029
3256
1441
4161
3623
5841
3517
4484
2616
383
6807
1431
4
6264
956
8395
365
46
3540
9484
1292
36
6332
2500
3717
822
6083
4188
5393
7248
4466
2520
4105
5377
3799
5586
5973
1851
4590
7209
5745
2444
8662
4544
7904
9950
9708
8820
6147
7310
7022
4425
1732
3860
7159
7905
5277
2224
2546
6308
7150
7036
1347
4344
274
7672
7860
3342
9670
2526
6132
792
6158
9522
8777
2639
8859
5374
6673
5173
1206
6149
5950
9108
4404
4638
1168
3262
6570
9255
3735
7440
4268
509
5142
664
4782
4565
5927
6451
336
5797
2157
8004
933
7864
9608
4072
885
7058
5208
327
4569
2620
6383
4886
9864
1572
4802
9344
4936
2036
881
7499
902
5399
4953
6025
4614
7937
6741
5228
8993
1121
5471
2213
1417
4533
1869
6361
5976
1075
3138
4580
8008
4020
7084
5212
4338
3528
641
6172
3604
4926
1356
4370
7155
3941
6898
3111
530
4284
7466
7834
2495
3892
7184
5494
5819
1631
1327
1446
9874
4323
6793
3679
9851
599
9805
2402
9961
3633
6433
625
1022
6607
6430
2354
9655
9494
6779
1646
331
8058
102
7416
8359
7538
7528
1586
5809
8669
6841
7065
3158
5481
8526
4621
1150
7181
6863
204
6143
1812
4208
8314
8024
1879
9036
6490
1037
2523
6073
1037
633
855
3675
7038
8621
1277
9965
363
7585
3827
1032
6450
188
9602
1920
2154
3005
9825
6730
4886
3423
1907
3431
791
9451
2070
5321
7054
9645
1075
255
7888
3355
5624
5706
5638
9063
6436
3212
48
8574
5975
3142
2002
9637
2472
6887
6570
3698
8749
42
8623
6223
8665
5359
2695
5618
5738
4705
8843
1144
7504
1299
6119
2587
2368
3910
449
3642
9198
59
6780
9599
9695
1804
4083
3239
1874
7191
2952
2037
9524
969
1873
5045
5767
7305
9800
2956
4983
6237
5564
4592
7543
2883
2163
1422
7703
2374
8757
7298
8961
540
6824
4837
2967
7393
5220
6302
7905
3251
7068
4993
8459
7438
5382
7010
8175
7857
387
3988
7331
267
5292
321
791
9521
3269
6315
4220
7409
4813
8570
7162
8860
8966
19
8113
1665
5177
8199
2116
402
185
1528
6391
4727
8656
5134
8583
1484
6049
955
99
9723
6999
9548
5672
5548
7151
5598
3205
3544
2114
2167
5532
8782
6930
5400
3107
3917
2025
3447
2285
5062
8198
6724
4923
6945
1933
1786
7226
4505
3632
7826
8541
2772
9879
2436
8562
7567
1156
7169
4340
354
5779
8240
3045
9464
7007
243
1154
3088
1956
7223
4739
3365
9417
6983
7816
6895
4016
3450
5393
101
3274
1062
8323
2323
3724
8794
3369
2632
3728
934
1309
8210
7578
4590
5362
7552
2119
8565
5782
9698
8187
8211
2400
9549
1982
7168
6169
1590
9688
8043
2101
8705
1001
8568
2753
2955
3542
7970
4732
6091
169
7035
8881
8182
1969
2643
8303
3466
6308
4019
8931
8691
7108
1702
2735
9874
4905
6084
8185
6522
8536
396
7668
1058
7971
8740
1093
5363
4283
6760
6454
3553
6295
3
8956
1884
1582
5269
2113
1374
5005
6368
1905
6419
4917
1361
9732
275
7337
3947
7411
8548
973
9346
8902
8107
2595
711
5156
6465
4426
6437
1447
7101
7009
4468
6338
4193
1001
2530
5215
2977
3786
6977
9063
4068
3660
8285
883
3430
671
9123
8824
7096
5994
6930
414
2523
6155
2018
51
3098
4539
1741
4431
496
4358
3917
4775
5652
7000
1133
6581
689
8307
9485
8498
9065
8826
3266
6528
2337
7954
6730
9260
678
3837
2605
9262
6221
8869
5313
7667
1579
8668
6743
201
666
9658
7049
9878
8663
3999
9256
9328
308
3384
8994
360
1492
5655
3419
9420
5605
1085
1145
4150
5630
3854
5114
8568
4499
4461
308
9436
2473
6501
5109
7145
4404
7204
9863
9923
1976
7216
6742
1002
3377
3128
6534
2618
1462
1597
6843
5512
7507
9789
4255
4466
5934
4629
430
4307
3131
4475
5132
1758
3834
1992
9869
2911
8602
3900
5700
3701
67
2390
799
1127
2384
4988
4763
2594
3191
103
9546
2119
3879
7317
2413
2172
8079
2903
1598
323
5871
4237
7951
1672
2721
2524
7110
2722
1048
9628
5142
2365
6574
3715
3326
6532
4449
1105
6945
354
5123
6401
6080
3799
8519
7519
3609
4891
3580
826
6081
1529
5314
2499
7527
5788
1669
6534
539
6404
4360
9962
7162
7983
8765
4367
2462
1470
9896
2805
3414
8684
8337
6662
7175
4796
5318
4555
7671
1833
8077
838
3963
4918
3979
4913
5380
9660
6111
9274
9384
6055
2052
3317
658
5837
821
3219
6145
5203
8733
2355
6751
710
4297
7810
2225
5704
158
3188
4444
7219
2649
8098
3394
8557
7341
8542
5765
1218
7501
3478
2903
9740
5228
1982
3924
6643
4653
410
644
5797
370
1726
6517
1844
4688
8836
1397
28
4122
1955
700
5008
2108
2632
1663
9695
8142
3026
4504
1755
7110
2279
7034
7056
5737
4233
5589
7463
1593
9422
6867
5038
6068
4303
4472
6338
7829
7040
8548
8129
8899
2730
775
1507
4711
4165
7171
837
7443
6111
5888
181
2978
4938
8240
8515
7137
2246
5406
7491
8382
6359
5214
8773
8576
3725
8454
6648
7214
2014
9963
6754
9879
6074
5797
7254
9225
2198
5990
5410
7991
4900
1725
9000
9497
5368
1130
1124
8760
7950
1610
3758
9420
6398
5841
4539
5176
1396
5244
4613
6580
4573
4267
3028
6637
155
8992
6073
9454
3337
6251
4639
8929
5903
963
4414
4923
7610
1143
6748
2034
1718
3536
1582
233
5496
9609
7529
1895
3246
2633
2399
4393
1589
3468
3801
5156
4362
2802
8629
4161
8732
9065
7715
1537
3237
7305
9790
5547
4830
2408
9243
1730
4255
6725
8456
4039
416
9641
63
5527
1570
8336
5531
6730
7058
1590
8871
4716
751
3133
3369
8889
5995
1847
417
203
3470
2753
5478
8335
7678
2010
3326
2344
5053
7236
3530
1009
1759
6993
6793
2989
3693
2255
5443
2392
1232
6297
7939
1484
6570
7628
221
4539
4644
966
5101
1254
3166
2041
3874
1335
7161
8461
8844
8176
7954
7668
1964
3331
4867
2114
1886
2911
8345
5294
4189
9815
2631
8791
6862
7295
9199
2653
7211
8947
1752
6070
5511
3026
4557
1610
6355
6592
1691
7022
8233
485
3970
6929
9631
5355
5444
9321
3580
9220
1274
512
6649
2917
3890
2499
4354
2716
6297
6339
6076
4681
7090
97
6532
432
3213
4785
5856
9418
9801
2881
6524
5473
2920
19
8410
1456
6297
8439
9682
7441
9684
9333
1474
3968
3044
3830
6678
8932
6587
578
1981
4951
523
9213
4456
1746
4709
3460
4091
3934
7584
6697
4830
5829
5757
2555
7268
8710
8076
1682
4813
531
1004
6004
249
9467
3908
9437
6502
3902
4372
3227
4076
4891
893
99
2497
787
5060
2937
7447
3752
9257
9622
3791
1731
7825
6151
8523
9062
3479
914
1747
8310
4348
6090
1835
4627
9303
8087
311
1572
4780
5140
3209
5017
7768
8827
6795
6327
7844
3246
9189
3847
6350
5079
6182
1433
7120
4180
2966
1403
6893
8988
1
4075
776
6627
3922
7558
8018
1844
6834
3920
496
5393
5397
8681
8097
4253
9705
5778
5190
8580
7077
9668
755
7158
8019
4196
8425
3231
4871
1494
9735
9929
1569
9647
3496
760
6433
3141
5299
4903
4807
8718
3720
4524
9562
5524
3592
6717
4068
1879
9952
8193
4791
8125
9349
879
9265
7071
9659
6591
7141
9491
7424
7822
2780
557
6035
2543
5708
7012
9071
1074
5274
1769
3314
7045
6078
8334
7753
9058
2641
1042
1647
7320
6350
143
1818
4341
6482
6208
5934
9575
8639
154
7387
9409
8136
4660
6596
4865
9677
753
322
1459
760
3806
1727
8204
4795
2802
8444
3368
8989
9337
1190
6351
1342
1560
4269
8346
9725
9090
5577
2485
1588
1375
7492
5092
4795
6074
7641
4991
1786
9055
1985
2801
3481
8740
9018
506
1846
9669
2540
9746
7902
678
8941
4143
6351
9456
2169
1199
5478
550
9896
2922
7626
334
4876
7076
1043
45
1115
3239
7017
1567
5362
372
7490
5175
2703
4497
4310
5780
6827
9242
103
54
9485
4260
3741
6576
2465
8150
2088
2933
5290
8227
1405
1634
8659
3090
3958
7920
8062
9938
3543
3671
4302
3313
4061
9402
1427
9404
9257
9006
5666
1585
1560
2330
5047
7163
9029
423
233
3697
8985
1373
6550
2638
8759
8459
8993
4696
3425
8323
3691
7738
6600
4763
2426
1760
3574
2979
2083
2733
4202
202
845
5495
9689
1211
1567
1480
7202
7268
1298
4312
7908
6484
6841
7243
8976
6797
3512
3265
2367
2532
3669
490
3477
3469
7158
3755
6084
9103
7648
5831
1136
951
1916
8114
9203
7353
7373
611
1744
8377
201
8648
6039
5831
4454
6343
6742
6526
252
9453
4087
4015
2153
8082
2307
5155
8162
5769
6277
3088
5467
6066
947
1257
2356
1330
2272
7198
8207
6304
5917
1621
5281
8989
7082
7502
8472
798
173
8984
6479
3974
3842
5609
8394
9782
4803
176
3389
343
5363
2331
4013
8063
7876
2627
8976
6045
2161
1711
6273
2047
9558
1454
3668
1047
1731
5847
3620
5270
2033
5989
2927
8143
4229
3203
8205
4306
761
6424
4795
6491
2003
7327
1029
1975
8866
6294
5775
969
9581
5687
5577
2515
4354
4948
877
5606
5541
6188
5595
1460
7833
5740
4591
2870
323
2539
4221
3718
7121
4183
9880
5558
2320
6959
1838
2956
3407
8247
1528
2794
6683
5852
5844
516
5072
5541
194
3266
2107
2997
9673
5888
8499
153
1265
5470
2711
8791
5886
9517
2713
7118
4760
9670
4480
2741
9978
9601
8690
5687
7089
3003
5399
4308
7506
514
9538
5413
146
9044
138
98
144
6479
2810
3012
3364
7927
3483
6132
1994
3895
2481
1790
4647
6729
5383
8547
9113
6890
5764
5497
451
9937
7047
1733
9558
1818
6378
3628
4118
7825
9013
6024
7647
5157
2802
3865
3298
1884
5575
920
9029
7242
1584
3171
7094
9913
3511
2395
9487
9675
1213
3323
6395
6738
7347
5752
1945
5531
673
8994
3617
5231
7867
2563
8216
6454
4951
3693
6116
7302
4259
1958
726
320
3380
8009
7347
8691
5607
8805
4558
5825
5467
3616
7799
327
72
1779
5545
7485
6859
3177
4499
3170
6613
5425
9206
2687
7040
4845
3296
4818
9899
2634
8939
2328
2871
9059
265
4021
6532
8998
5841
1955
6998
6611
5996
6839
594
653
9900
7435
2709
600
3256
9599
9369
4292
8798
1719
8983
4475
5317
2910
9395
2615
9788
4491
5387
6098
2595
5815
2194
6047
9464
9811
9523
1216
4032
8115
754
6064
4706
9175
5177
7581
1698
4422
5719
7790
539
9696
7968
4799
5958
2514
3591
4306
2639
7261
6927
4796
2365
6751
7899
4949
3934
7517
5573
243
5600
1090
730
644
669
5779
5562
5907
1642
7110
8331
4034
6371
5703
285
8175
1929
3787
5006
5371
8287
4349
8521
4217
3372
802
9141
4520
3061
1645
7974
8869
1684
4581
3849
2270
4504
8385
4590
3691
9460
221
474
1976
6823
9697
3058
1534
8257
6647
3499
2235
9577
2536
8353
9804
4739
6309
3409
3401
8367
9845
4040
8782
9173
6833
2225
737
6634
3651
4368
6034
5044
7735
6186
8657
9061
838
3031
5285
5668
7138
9176
3956
9300
7949
6438
5572
7382
1010
5006
7517
1634
2677
1420
1388
6443
2594
5409
6577
1691
1837
874
4853
5094
7552
7476
7597
1737
6681
4623
6894
9452
9706
1883
3055
7325
5801
1107
6512
7473
6380
8666
5102
3975
7712
9697
2067
4779
8794
1255
6549
1713
8734
382
8493
9031
9225
912
1329
9687
7298
5966
6570
3161
8278
3059
2806
6757
4329
1694
9537
5719
3348
9713
5217
9121
3063
9034
7287
9377
5725
5890
7207
284
4141
5628
6006
8643
6212
2134
9700
8911
6275
7610
8618
8091
6676
3601
7116
9567
310
6756
1478
7717
7040
5861
3489
5250
2134
7989
4990
39
4348
1076
3334
4659
6578
9359
5155
6318
6668
6274
7194
6221
1802
5316
2303
3471
88
1529
6998
2056
9639
8365
1692
8866
1132
9806
8215
5116
4984
6620
2351
6521
9472
9982
152
9711
3342
3142
9892
9341
8543
9171
9523
7133
7297
9432
8213
9849
4586
379
1934
909
8065
7740
5242
98
2114
4581
4602
9747
391
6129
165
4153
9041
5375
8974
2610
9395
195
177
6532
9982
3667
4292
7644
7736
1743
5349
6997
205
2915
9908
1164
6724
8079
2889
2006
1973
2518
6483
7011
2859
9854
7762
1973
5850
7612
5671
2687
3952
5252
200
1189
7286
3385
541
6060
2636
9306
8994
3825
1227
787
9877
1501
1042
2108
659
7
2544
5530
8323
9363
5633
7211
4731
4936
8375
5758
1248
5849
7803
5476
9590
3616
6333
5806
2366
646
7931
5463
6801
8771
8506
4813
8968
7579
5754
8593
1870
4284
2609
6794
4202
144
4097
3511
6064
3354
877
4238
207
5207
2138
5330
7854
7457
4560
3832
8379
918
901
3420
5326
9393
3044
6473
6164
6125
2527
2329
8535
430
4245
7531
4896
1142
6939
5102
7035
5249
9279
5447
383
746
8126
9417
1582
9316
7057
417
5955
6879
9531
6930
8548
6411
7286
3137
7547
9222
8739
1179
7661
4008
9740
4217
1658
7314
1441
6913
222
8910
4140
6197
3959
4234
2226
8770
8438
960
7705
26
1170
3560
632
2143
7857
6070
2744
1037
6406
3472
4607
4829
7738
9984
7261
4109
2826
3839
7059
5572
2002
9264
7582
6945
9059
9094
2872
6557
9134
3153
6617
6202
8009
7954
3958
2477
9471
7498
709
7120
4320
3841
7416
8246
2667
5017
6443
288
4801
283
3527
2503
2562
5818
5811
6633
1357
9608
404
7105
6500
4187
5640
9468
9793
4500
4886
8840
7419
9822
5997
5104
2542
7518
4196
5341
6950
3276
9230
2545
8173
2670
7197
530
278
8556
6184
883
4991
9244
7596
1797
4282
5895
6705
5526
9706
9783
4375
2662
6363
5932
8332
7000
4439
1751
9134
6794
7197
2349
4746
3685
6146
4445
4708
6230
3382
7912
2409
179
8014
6315
8810
8830
5903
7255
8535
829
7858
7049
3815
8923
3627
4237
1272
1022
9906
1006
3319
7033
417
8742
7760
4799
3064
3134
9477
246
3563
2409
8763
1892
8810
6194
8176
6073
1346
1612
839
6977
4908
1824
4218
3307
9291
9232
3911
167
2770
8458
1216
2021
3883
3044
640
7717
1056
786
1860
9955
642
2807
7911
5613
5992
2055
7227
3987
9226
3037
8003
6282
277
3622
5838
230
7772
4577
8682
1280
4979
9277
959
1851
2790
3742
3984
3056
2912
4679
3279
8343
9419
6830
2179
5013
8428
5625
6580
5787
575
4444
1121
357
7674
7768
2828
1259
5599
1327
9405
9652
118
9563
2818
9299
5136
4533
3253
2816
5454
9756
2688
399
2101
2668
9410
434
4663
8473
9674
4675
2799
771
1597
43
3862
8516
4979
6346
4321
8511
263
3220
6510
3142
7905
7866
1389
6458
8454
512
1719
8533
8912
5374
5641
4936
171
6453
1024
5047
1414
8949
1875
277
6455
1077
9188
4373
4985
7169
6083
4453
5574
2782
2493
3854
8515
3115
4469
9700
377
1430
1624
8161
7680
7190
1355
3979
1132
7830
7384
3634
5966
9849
8423
8137
7316
6270
8426
8421
4108
2527
3465
7048
3684
4964
6168
7720
9049
7888
925
6424
9327
3595
952
5068
1935
2259
6681
3111
2586
5939
8035
8981
1419
1210
7824
7095
6313
608
2806
3483
4378
6052
7354
4154
92
2832
3347
6555
2475
8321
8083
98
730
9209
3658
8893
4913
3314
2286
7946
453
5789
3920
6551
1284
1736
8114
930
9322
6981
7235
6653
8397
94
2173
7018
6415
4260
5770
6169
8401
8436
3813
5685
5546
4529
3536
7069
2333
6317
5464
7373
2895
408
5220
4533
8439
6117
5970
3098
4525
3168
1220
2495
6456
6479
9527
4793
1487
594
6560
4824
3505
6054
2857
4734
4237
469
4505
1257
5140
9821
9369
73
9814
6856
1286
9108
6524
4883
6073
3423
4846
1691
8777
2896
2244
5315
4048
1171
8771
5997
2636
7696
3944
9235
1476
1745
387
1809
7922
8645
7723
6825
2665
8881
2583
9912
9726
330
751
7609
5068
456
9532
4770
9332
5318
3061
157
3290
1972
5054
2711
5323
3442
8697
5511
9251
4128
5272
7057
5579
4947
9494
854
427
759
732
9260
5977
1627
5015
2446
8499
7834
4137
7557
22
6549
5399
5645
9485
4143
6209
7519
328
8077
5815
6408
5742
5955
2636
8502
1687
7815
1374
3124
6761
1348
672
7864
8123
651
6017
3867
3139
7790
2827
1991
7622
1593
911
3390
3213
1192
364
6701
8643
2419
4578
1898
4477
2491
5621
4831
981
3675
6434
5869
692
3057
2193
1439
8213
8122
6788
2734
2191
7688
5932
8517
3162
5101
8112
5907
5992
2609
7349
1626
900
4262
1921
7305
7501
216
6529
8124
2392
147
7363
995
4121
4821
763
6270
3379
8282
4914
6891
1574
9598
4192
2828
72
1368
773
1029
7266
8504
2901
1197
4990
2521
5243
3579
4813
8316
2335
5934
8779
9468
59
3671
2006
4291
7666
6735
9283
3328
772
6252
4186
5211
8575
4087
2762
5535
3751
7134
4130
1078
5811
8157
4927
2362
1881
9527
9736
690
9342
7157
8919
4094
1946
3753
1805
7668
7610
3064
9301
2089
4920
1807
731
930
1136
1377
5003
4966
3698
1789
2620
2044
5835
6764
6500
9766
1103
6043
200
1416
9431
1948
4431
2688
7822
1275
8306
7417
5841
4382
1422
4989
8275
2477
4162
2792
8758
9596
2692
7151
703
5851
8869
4341
5138
882
7079
4455
7122
865
1251
5163
1688
5484
1918
2724
7035
3624
4104
9892
6421
2344
2868
2858
6671
7177
3832
6167
9731
2982
2761
3252
502
2309
3678
3929
6278
2268
4681
437
8533
4549
6385
9256
4042
4512
9740
7917
4971
3912
4853
2497
8832
2196
3758
7364
6687
2198
2823
6041
7086
6187
8051
4757
2848
7802
8120
8597
4207
8801
8492
8165
7367
9308
5748
2184
4888
6544
4986
2910
4493
3223
9795
4481
5982
8471
4812
9457
3617
2683
9141
993
7589
52
8325
1554
7604
7535
3491
4579
4739
1171
7457
2774
2903
6480
9350
2676
4088
5223
9040
1610
5922
5036
6941
6402
9856
9196
7553
3745
3561
2215
6189
6222
8354
3509
3900
9339
6984
70
842
9371
9891
864
8806
2556
1560
9787
8862
2695
788
6312
7212
1110
3899
289
7241
8900
9617
1170
8320
3967
5724
1366
2539
3877
5203
1948
633
9811
8709
9949
6502
7913
6196
960
9555
9283
9242
3501
5634
6634
3001
152
3327
5098
4976
338
3362
9609
6605
216
3785
3870
8549
5883
3257
3321
4308
9266
5160
6392
672
514
1741
6958
5346
4521
3119
5936
4513
3510
7291
3628
2958
9840
5538
1504
1250
6877
595
7698
6177
5760
9663
165
8824
9139
6048
8378
2623
8096
1136
1285
5383
7607
4339
5634
6580
4578
2302
7644
5314
4986
4423
4904
4115
3766
6621
6179
5679
7897
2532
1299
5518
4807
2735
5359
7809
9867
7233
17
7716
8122
2150
7172
7120
2649
6722
1675
967
57
6440
7352
3637
884
2784
4242
7832
2167
8608
4246
1829
6785
814
6014
7976
9893
4042
9068
8522
2392
9259
4740
768
1362
5325
6611
3233
8867
8541
8312
8938
9377
3001
5716
8150
7808
7095
4139
6531
1790
4114
6089
1044
7536
7772
5834
3794
8775
1355
7989
2286
7344
9137
4208
8710
9954
7956
7615
3539
9926
5671
7055
9786
6586
4573
8419
7697
1190
6823
6955
5105
9816
62
3548
6194
3190
1042
5757
8985
116
2855
3498
2672
2009
3373
4617
8397
6385
7582
7540
4867
6687
7101
5372
1560
62
1157
9236
6299
9676
200
6754
9041
6801
6800
2914
1636
9139
3978
7621
3471
5924
4230
4261
8157
117
8506
9297
3235
4739
2775
51
9207
3196
2887
1967
7497
4607
6183
1667
9440
4331
6758
5088
3357
8118
9190
8654
2023
8720
2872
8554
643
7201
2138
2939
8719
5086
8087
4838
8605
8222
4938
2403
1228
1812
6520
1818
5095
7812
6249
9081
2614
3562
7340
4437
2588
2700
7053
1766
3571
8067
6810
5133
3364
5447
3979
8505
7923
4805
3697
3676
8485
2487
4681
2657
5361
1682
6195
9086
7245
5767
8639
7033
9262
8140
9069
5903
7605
4676
7552
3687
1816
1493
8579
370
5492
9170
1903
3013
3767
5522
8993
9018
8869
2834
5361
2858
992
47
9937
5835
3997
9959
1444
311
8093
5132
3212
5892
1694
3937
4290
4001
9215
4118
7535
5464
2389
4996
1717
5713
9601
7713
6454
4635
7895
93
9096
3518
7976
1268
4208
5380
5182
6071
5250
4137
3752
7327
9278
9828
9792
1176
5585
9662
5585
2216
9561
3038
569
4783
6938
7565
8481
912
744
8187
1650
4419
3996
5084
6923
5022
1545
9660
9200
9643
6368
4712
4528
9736
5258
8091
4742
9869
3813
4925
246
9065
9007
7188
6577
7078
6822
9092
2178
5782
2350
9996
3194
7036
7351
3446
4268
9231
6159
216
7790
6014
2443
1291
9376
8215
8312
5789
7729
2922
5723
5073
8608
4282
7913
5954
9549
4888
9196
3906
3680
6038
5864
9142
311
3743
5450
6956
7095
7790
2525
8336
9089
8671
7710
8884
9195
3213
4447
5790
3929
8775
251
9167
7354
5667
9533
423
9211
5426
9969
2763
3501
7028
4660
2114
4785
8026
2954
8888
5762
8333
9788
972
5668
1573
224
9456
6073
8522
5808
7784
990
2657
1043
4588
6359
2905
2996
8947
2809
6122
9363
8645
3433
2371
9751
7239
1327
2828
8187
7811
3445
9218
2870
1300
368
9476
461
4004
6807
5477
4167
8140
8005
3701
5189
9825
1325
1106
8561
3366
2621
6721
630
1452
1156
7923
1520
3467
7719
1493
9775
8408
83
3995
286
430
1848
1043
8796
2869
2980
6401
8456
8716
9014
5487
915
9245
8043
5425
4745
327
6503
8915
565
4898
2965
9979
8006
5647
9995
404
5840
8455
7456
1749
820
1340
5011
7908
1517
7869
4490
5680
1057
6177
225
9049
4926
4132
1548
2851
4847
3322
8876
8754
7685
4227
1885
4608
2577
9620
8462
8305
9982
8851
5563
102
7032
584
6924
473
8320
4603
6142
5599
1172
2949
4214
5611
4114
6738
9217
1236
4175
356
7872
2727
1336
6459
1784
2169
8980
1661
2030
3870
3157
3335
1494
9625
1634
1356
5568
1210
8145
5273
6825
520
2027
4201
7429
3697
1564
7300
4806
4714
5647
2177
1508
7359
8324
4440
4655
4452
6035
7708
7868
2921
5365
5571
2580
4027
6532
654
711
4157
4261
6533
29
9526
1694
4774
2070
6828
8021
6105
4517
8428
6662
5750
3168
3395
2385
9991
5711
626
4148
8935
7135
815
2476
1004
2606
2524
695
9730
9180
5946
7551
271
1613
426
171
3606
4332
7144
6129
4361
1308
1886
7953
3893
360
1043
9488
2748
5790
6535
7976
6117
9348
5004
1652
1597
3381
7538
1966
3680
1764
4782
1943
7524
4142
5987
3433
6976
7177
3419
1956
5119
3989
936
1712
3367
1413
1618
4840
4726
6252
5354
5972
1505
3853
1750
7066
3397
8533
1938
934
5373
5163
3322
7241
5803
4761
8349
4060
3232
2903
9868
4812
5778
8275
9171
1870
3327
8164
1727
615
4613
9990
1877
8661
8270
6194
4907
9971
5504
1536
9129
4778
3636
6591
3567
1859
7650
9436
6490
6891
958
5787
1719
3404
3763
2317
4904
1201
5372
9700
9397
5176
598
8619
5917
8646
3724
6408
8210
2996
6498
2657
9936
2293
6443
5955
7091
7158
4787
4793
2381
6015
9197
6820
7876
8882
8602
8521
1298
9556
719
6154
6030
1199
1089
4869
9023
436
696
3170
9664
731
2705
3115
8530
5491
3481
3637
4250
5788
813
6315
6975
8696
3645
2706
4396
1330
7728
3334
5520
1295
4455
8540
3508
8784
8066
5573
3405
1083
1080
8711
3137
4551
1778
9763
800
9187
8672
5161
2838
9037
4391
8495
3661
8926
7443
2758
2939
2355
2205
4325
2678
125
7489
7414
6458
6748
8495
1688
4545
6448
3827
5701
8307
6983
4911
7963
2530
4739
7296
3823
1431
7662
2606
1071
1692
1354
6867
9188
522
7830
868
7881
4664
4393
1935
4249
1223
5740
2364
9781
1230
3256
4038
8369
2569
3714
8965
8661
264
797
2570
9902
3104
768
9531
5463
519
6414
5484
9129
757
4843
7604
7147
8505
1083
1932
116
9795
785
2131
5187
9775
5382
9860
6925
815
4138
6009
473
2568
373
9012
5525
7789
6576
4400
2701
3984
8599
8108
9434
9272
1208
9794
4178
6830
5994
766
704
5569
2046
1738
7659
2987
7252
2520
9240
368
2334
6414
9967
5303
9661
5393
280
6643
7970
7383
5319
268
3193
8955
5059
1964
6191
561
7217
6620
9787
3765
5528
8697
7548
1456
5534
4969
3243
6839
5734
6741
1348
3556
8021
9470
5910
4299
2800
6037
2913
5799
3426
4579
9942
2239
6101
8020
7970
8612
9161
756
1075
5008
3902
6477
5116
2050
2695
9248
7190
6209
9715
3835
1624
9093
753
7988
5730
6910
4791
7109
3411
7669
1074
3775
6904
2917
4255
9800
1319
582
9903
9748
5364
2532
5731
5993
1995
3774
8676
7503
3080
7148
7133
6268
7841
8836
5767
4188
9219
9363
9781
8777
1581
9617
4385
1129
7310
3693
3273
9846
4837
9045
9595
6513
2156
3455
9623
5771
9862
3952
2541
8510
6366
9581
2253
3628
1832
2207
4015
9785
4103
9003
2735
9881
4318
2937
4967
8892
3751
3169
8497
7003
3200
7588
2455
1503
3010
9240
8639
2873
8400
9753
9218
66
1949
1057
7342
6685
5115
8403
8962
3604
7250
7604
6027
7899
3543
8795
6485
539
3394
7994
6409
3201
4104
4249
9876
2570
4995
8008
8010
5767
5747
8614
6243
2190
3990
1510
8747
920
4534
9464
9679
9614
3652
9681
3731
1161
8976
5450
893
3611
1970
2880
3495
2545
2179
7658
8374
1813
2867
8400
9495
2843
6353
8907
5952
3122
8117
9461
9008
5932
9617
3211
8059
3555
5915
7364
6359
6993
3550
9883
5488
7918
164
136
8722
9482
7542
9349
9210
7146
5873
213
4755
8526
8343
4796
3824
634
4523
1572
1706
7303
3070
2495
279
5746
2096
4759
6723
4230
2939
7436
8681
844
4459
6668
1693
7653
4037
5986
8143
9697
2133
6070
1379
185
1381
1007
1956
659
4597
572
2457
9989
6464
4915
7534
8427
673
123
7650
5831
4418
1244
390
6975
25
5300
7163
2222
6229
2185
7136
4142
9304
2809
8343
5209
3068
5494
8909
8969
2795
7415
1681
4326
4144
9232
3842
3646
8337
9181
7849
4433
9659
6019
2883
9741
4546
3831
2726
39
9935
7417
4987
3638
4602
755
613
3136
7326
650
3659
9994
1564
1453
7223
1847
5733
4585
6771
1695
3245
1458
4160
9556
745
4964
3441
7748
3408
7983
5430
8272
9508
5410
7777
3893
7345
4715
406
7487
1732
5542
2899
8745
7677
7487
2015
1113
794
1794
7971
6526
1432
7138
9902
5247
9349
4103
167
5263
4665
1076
759
6626
6410
3268
2396
8821
3878
5068
7376
1637
3695
182
6696
8422
6910
4243
2721
3967
9041
2843
9140
6032
6002
4188
6833
5890
2185
6699
5638
6359
4891
4239
1457
2270
3867
2021
700
2466
1960
7490
2922
3217
4214
8648
3401
9538
1243
1372
4823
1075
4336
2327
8653
8072
6661
5336
123
3758
921
7964
5690
3089
1314
6373
6866
5507
6911
8481
3562
6212
1979
2903
717
9270
9301
1708
2689
9802
5151
4940
9646
313
4592
3368
7626
6944
717
2451
8497
5894
2711
4445
6821
7133
7167
7835
4643
5778
9824
6870
6557
2893
4290
8069
387
9998
7943
331
2174
183
4556
163
7523
3461
1122
222
1685
197
3077
2027
1058
9325
7550
1430
6165
2729
1438
8863
9602
6552
6430
8350
6775
3399
1071
4915
9724
186
1846
9723
5215
2531
6505
1641
6001
4909
1660
7677
3139
2299
584
7429
8477
3324
4507
2486
2811
9852
296
5131
6802
5903
9951
7299
9002
4020
127
6265
8384
9459
8456
2811
3005
7876
7723
2566
2398
5702
5274
2693
9514
4699
8053
2667
4391
7026
9712
7187
7582
3680
7118
3287
7784
3864
8572
8388
8851
9845
2403
3236
6127
7502
102
4772
8230
5161
1006
7651
4637
9520
8374
7741
8777
2219
4883
7888
6140
5405
2810
6791
1672
3475
2774
7740
8440
3800
1929
5827
8143
8824
5107
2659
8149
3640
1314
309
8105
6940
7716
4720
7106
9172
1654
5693
5091
5849
4671
2023
1501
4437
6227
4637
8502
511
6332
6712
2774
7917
5127
1238
7382
2534
9130
9676
3242
4494
4715
6290
3504
6105
143
3989
4203
7828
589
1265
8394
8720
9241
4628
8423
3335
1453
1573
4039
7533
7597
8724
2565
3688
5729
1399
2635
5667
2760
1764
8823
4074
8345
2544
6165
9221
5100
918
9741
328
3292
4605
4859
1469
8804
5785
9406
9919
3593
770
4108
4785
58
9618
1956
6867
9068
2222
7749
1840
26
2887
9703
4331
5654
4662
7929
6217
5822
4210
4309
7629
6128
7920
8972
5354
115
3759
3763
9971
1884
6210
4860
6732
1176
2093
7144
4134
9821
2063
5946
6465
7228
5948
3152
6534
7931
6835
3820
1763
4824
2118
105
1973
3365
1353
6307
9825
3477
9371
8061
4149
6587
5383
3616
3290
6401
1405
5563
607
5295
8045
2795
4908
2004
3397
7030
635
4116
4541
600
1288
236
6987
4235
8752
6222
3608
3463
9400
3766
6678
5362
5839
8130
9362
416
5100
3571
7239
7437
4966
474
3198
3537
9068
5840
2050
9764
3246
5128
4182
8245
4634
8541
6308
3368
4147
5114
5150
6861
9659
229
3381
5173
3356
1857
9139
4125
8115
8905
2528
1563
8929
8738
2316
1109
369
7676
6360
1817
6640
8006
5819
3772
6951
1105
5692
9244
5938
5185
4654
358
8236
3225
9470
811
6817
133
7124
7204
5620
6847
2946
6792
7839
4943
4032
7988
3747
9572
2201
6257
6650
597
3472
2712
9522
7835
6674
2753
8799
4620
6899
4322
2144
8531
4400
836
7685
7623
2917
7303
8812
7415
6734
5513
1184
3201
9257
7490
2748
7621
5758
9959
7030
9071
9893
2710
2605
74
1550
8092
1861
9615
3100
5695
5544
7554
9421
1947
3595
1054
1627
102
3339
9490
9718
4307
3047
9657
7240
927
911
6067
1803
5188
4329
1876
1580
2827
5609
9421
4249
3899
4360
610
8432
8805
6030
6564
5
2635
3860
5561
625
5956
9713
2079
9520
5637
423
7369
9999
7896
6665
6945
1538
8744
1580
1573
9052
7347
3523
4616
3805
1673
2290
1583
1175
937
3100
9668
2822
321
7110
7502
7261
7074
7039
4987
177
2170
8816
9105
3444
6425
6087
7677
5923
4800
9126
8661
1559
6424
7756
1163
437
8557
456
2747
9112
9779
4541
5915
9283
5890
1603
3630
7876
1547
5320
7944
2807
2358
229
6654
4137
7806
8649
5709
3647
4103
6317
6642
9231
5783
6724
234
1761
6408
1470
4975
7175
7313
2307
1071
353
9306
3869
8641
8725
3373
5443
7682
1885
2401
7706
5236
5922
7974
9016
3603
6167
8284
4332
8533
6696
9061
1065
1343
3597
6959
7747
9007
715
1190
5570
8935
3078
4849
9043
4264
8929
4257
690
2528
2508
6507
5941
7778
9842
8202
7029
7326
8139
5687
3348
3307
1588
3569
444
5099
9790
4344
9988
1699
5078
7178
2320
7262
931
3723
5748
2109
3102
5365
4853
3974
5498
4509
384
7908
8887
4322
2428
3923
6455
3795
3880
4846
1303
5066
6513
8757
2958
4127
7445
7356
3405
8013
9024
6890
8261
164
3422
3116
4696
4195
1547
6293
7314
5913
7618
792
6176
2088
686
595
9788
8420
4075
4656
1033
8321
326
4929
6867
6533
3034
2727
4426
4591
5323
4863
9062
4817
1983
7522
2369
6123
7283
2008
5167
1012
778
4509
280
3640
9800
8060
1791
565
9068
6077
9007
8561
7434
1915
7637
1334
3032
3535
4976
4585
1354
2630
7062
3849
9024
3600
7367
1210
325
3089
5415
6897
7121
3167
9092
5783
6243
8009
8843
3056
5064
6695
530
1701
9072
4467
2437
7847
4475
719
8907
9094
912
888
8333
1867
6119
3110
2665
3103
1152
4861
8958
9390
1414
1181
3940
4853
7781
420
9733
9056
2676
8638
6464
760
6864
6371
6570
899
4547
6356
9202
7270
6204
7434
4896
8297
9225
2783
1956
1833
8499
105
3276
863
446
7553
3192
1080
9967
9717
7738
2943
8999
2156
871
659
3961
7742
813
8776
2218
5524
5371
4476
1047
5146
9509
9137
5524
2018
2576
993
7320
9995
8516
1310
2271
722
4584
5556
170
8248
2951
9649
8629
9537
7472
9369
5990
3574
8628
6510
9670
9187
7814
7015
5096
7997
1190
5615
4481
7100
3458
2932
148
7082
7495
51
9694
5357
1430
8258
2650
5225
6375
4156
3707
2279
2663
5126
2620
8061
7092
9723
2173
4103
260
6234
3919
6583
3711
4257
6319
397
5786
5299
5739
662
6484
2185
9458
7393
7574
150
9287
2988
1940
8145
1425
4164
6592
8500
4661
3289
1334
2790
4757
1868
8111
9678
1463
7137
4225
2616
559
1779
2333
8239
2833
6124
2981
6261
3511
7499
1646
9415
7306
1204
8363
8582
3371
6160
5136
3075
5454
8009
7471
2420
877
2436
5217
2698
1052
4852
9972
8726
745
4960
5330
5555
2812
450
9078
5745
6098
2550
2767
246
8252
4924
3377
8401
6796
4123
2346
3164
2622
1741
1893
3234
4169
7080
9385
1190
3692
998
8150
5189
2125
4532
3884
7131
398
1107
3422
6458
2601
8373
2366
626
2432
9323
8972
3946
5158
4534
7816
2999
9500
5015
7287
7997
7945
4644
1481
5259
79
1646
2803
6061
9693
5016
8869
1973
2189
4852
2361
8183
9475
7301
5934
2570
4535
5371
1376
3137
3073
9380
9689
9922
2161
5390
3971
7720
5921
934
4559
4244
4022
1557
1195
