4176
1567
4401
9418
1722
4480
1069
8270
233
765
8264
6855
6068
408
2551
5401
2083
8999
9592
4200
9598
9814
7003
4452
5584
938
9267
9557
8478
7648
2498
1992
2958
5367
1368
9353
1996
9484
9651
8121
1319
4542
2761
4781
1707
9376
4482
2261
902
1658
6505
9932
3437
3940
6079
2687
1431
8731
5800
3378
3013
2630
4837
2490
7272
1701
6495
5354
8107
7932
7698
8722
4651
1277
9625
8906
7731
3638
9459
8912
5465
9607
3691
240
4553
2537
3887
6285
846
7758
3121
2177
2979
8876
6246
8043
5144
7155
6696
5588
9176
248
53
4956
905
5411
4978
8416
6919
1352
6653
3949
9440
7348
8777
9981
8912
2604
4783
4007
1024
1476
7308
3287
7871
480
3310
3029
4208
769
680
9978
3113
5641
2044
6942
1483
2884
4949
4083
260
9551
642
9597
2417
8487
2676
2700
996
6002
4397
5640
1892
8928
4200
8950
9805
7437
8300
6460
8710
5953
3187
7315
3285
6108
9433
6092
3358
6696
5954
5488
6503
9769
598
9117
5723
4132
178
8519
4191
5307
8952
5634
4090
9515
6771
7760
6687
7856
5349
6419
4856
6730
2605
7031
9892
3591
4216
6826
2274
5625
3386
6867
1064
213
2015
6811
834
3508
8790
4144
5069
3925
9312
2409
2770
501
9788
7305
599
1657
6547
9857
4174
1689
5716
1347
7859
9622
7020
2523
4965
3222
8791
5510
9537
9446
2378
6236
409
774
5963
6553
4970
7807
7669
3875
6337
7334
1220
7915
3805
2190
5942
2547
5836
6930
7313
9193
1864
8236
2991
7046
6205
4659
3505
7026
2652
6665
7651
9106
7733
878
3207
3499
620
1766
6359
928
2070
9164
2779
5786
1692
2474
9561
5003
8295
9301
8273
4297
4590
1203
7782
3957
917
703
6451
8787
7430
5293
2426
855
3701
8035
5308
2859
5871
2008
9840
6963
8937
7961
5729
4990
1107
8521
8160
9599
7689
3172
429
6560
3579
1857
916
2292
3017
6744
7652
7701
9997
9699
2042
3307
6983
5412
1706
1264
658
5227
9174
5521
7146
552
2978
708
6122
2252
9445
1153
4461
3044
4544
796
8676
8148
5914
8039
657
1444
7301
9907
9749
1367
3553
2
2871
3842
2376
8942
6316
1000
3131
7139
6520
5019
4784
35
126
7727
13
1812
8567
7966
9215
3926
5207
2820
3690
1325
753
4352
9477
405
9779
2344
9093
7599
656
293
6213
7499
5055
6575
5913
6024
7829
7139
4738
1692
3433
2831
297
7267
6226
1039
8601
3025
3863
887
9844
7353
5943
2902
1957
3263
2671
46
8679
9791
5324
4191
6022
8256
3659
7231
249
5157
5970
3764
6607
4056
4425
7109
3594
8372
4988
4668
2864
9862
5912
5028
658
6000
8824
1357
2045
5752
2607
8303
3518
2198
5817
6386
6342
9049
8318
5409
3610
4547
4723
5580
2020
1156
5155
3541
5141
9373
1664
8692
680
9098
9355
7802
8753
98
9445
1415
9137
7121
2947
1407
7983
3643
9060
7195
5069
7369
1906
1460
7963
6829
2827
6127
4454
7772
5343
5507
8520
9047
818
1538
9912
4240
2717
332
6810
8204
6890
8215
5480
5539
9258
7721
9511
4244
994
1349
6098
4879
5836
9006
7383
6136
6588
500
8150
9082
1355
6138
1086
7518
1960
922
5433
4610
1886
3991
5230
9873
845
3671
1034
3443
6967
9399
7929
3288
8623
7681
969
8113
6355
5164
7565
3783
6522
8736
6297
9452
7119
8371
5245
6549
7242
8403
2264
3269
5491
497
9370
5199
1008
7415
2215
9135
2599
847
9991
5471
4248
3046
6141
4208
2131
5097
6502
5069
7171
1376
5863
5498
6247
4504
2151
9348
6629
2272
818
8982
2590
1570
4793
6129
8542
9997
6151
5997
8677
2656
2962
5485
6393
7187
9453
7294
5479
3107
7430
5920
2421
9127
9298
4528
8270
6032
572
6888
7053
2990
897
4848
6289
635
2506
758
4289
9994
1120
7345
7856
3508
9674
4434
2664
3528
5308
9259
7306
1577
2684
1843
7963
4990
8291
4935
1549
560
7032
4612
3344
1087
7229
8495
7116
5604
2465
4246
2632
6484
3609
5262
8184
6773
5846
757
7259
6141
5914
1702
2956
4071
4656
1248
2617
9698
2726
5325
5073
1134
2884
7553
4799
4617
3470
1266
20
8212
2052
2697
3553
4506
2717
9173
1080
4069
2419
157
9037
501
6729
4844
7776
6702
492
222
6510
3752
5634
9812
2719
990
2697
5744
2589
1429
6924
4533
2074
9033
6093
715
949
3617
9182
3146
4889
5509
6928
8811
6036
8094
8677
3668
7130
3047
9481
5251
5495
131
6544
1658
1613
8483
1212
7792
7989
8235
8626
7462
1870
4005
4624
3130
7910
9726
9828
1492
759
7553
2907
856
5191
5310
7066
4755
3654
3581
9816
5870
2206
2199
5200
2702
1602
9055
5264
1689
1818
383
3075
9347
7991
9276
9904
4906
7711
6598
9806
8093
4187
9228
2853
8837
1249
516
8016
6489
7097
6461
9224
8590
4292
4821
3294
8498
1776
7723
9318
7937
1597
1214
1709
9410
1374
551
7720
4917
4495
9840
687
4912
4491
8193
1931
5727
8664
7703
2841
7074
9018
5883
3919
7585
5861
7607
1484
8482
1559
2076
7301
2093
4080
2192
7370
7532
4927
4583
5101
3322
927
2685
299
1278
5125
8313
4006
883
6268
5648
6803
857
5500
8360
2559
670
6209
8242
9796
1137
363
6174
9307
9162
3826
3352
4380
5937
8062
727
9065
6953
714
2435
711
8493
8367
2351
7391
19
14
8272
7802
5187
6803
173
2172
3652
8162
7856
6419
2054
6077
628
8265
104
5606
1377
1453
135
889
5302
9983
7095
1784
1797
2130
1325
2760
7630
3413
285
457
9930
9704
9616
7632
8892
7155
6788
2878
233
8336
8973
8843
4176
808
6340
3832
1567
4466
1459
2424
4743
199
3387
9164
5427
2315
3645
7809
9052
6504
3083
3786
1582
1870
8963
8791
3200
179
7034
6918
1560
2839
7830
6029
9608
9047
7277
617
4096
3348
6372
5138
6505
2158
7047
1954
1998
6222
9300
475
4700
44
5415
2720
2692
2991
3726
8680
7306
1868
372
7549
9466
3277
3044
4104
7026
6736
1554
2650
3640
9235
5576
3340
9942
3970
6783
1971
9963
7872
4652
7559
1582
1491
5644
8684
5542
9298
6161
1070
5256
9963
6604
9486
6041
9904
1840
4553
3694
6447
6425
3083
7833
9436
4259
7967
5231
4372
2700
598
2461
8250
516
2586
9416
2054
7072
3450
2699
5195
3124
9198
1415
7181
630
9177
8153
3897
1570
9188
7425
4743
541
5406
342
7666
6556
8054
2137
5003
9220
6186
6112
6459
3475
2387
1591
7854
5848
2486
216
5564
2472
5560
241
2490
2073
4142
5306
5942
8119
1467
7858
6607
3027
2840
5204
9056
7906
3015
4503
5502
1579
4415
5644
1569
1174
9895
203
4462
7969
3576
6278
380
7229
6766
3571
6220
6049
1142
5737
3413
4059
6744
3635
9359
132
6617
9258
9020
7528
5879
1671
1181
1129
2661
8301
5208
8068
2441
6315
8593
5157
6912
875
1428
9024
4556
1545
9860
6718
7022
8312
1203
5569
2965
5490
9836
3091
2098
3502
4927
4217
3466
4966
9855
6782
6098
8636
6681
5310
4621
3617
456
8710
8339
784
1807
5598
8553
1118
4354
4925
6938
4265
1229
3371
7942
5594
5341
5587
8069
2570
9845
9774
8296
2106
8341
9509
6220
4850
882
6543
1802
8553
813
5956
5571
4065
5405
5154
9754
5784
6197
8002
7335
820
8947
4879
2293
3402
3080
2056
224
7471
777
565
2880
7607
5015
7297
6559
8888
215
7281
8993
9960
8793
8459
6542
6030
8981
841
1224
1913
333
1234
1503
5224
7938
7107
4527
6073
1574
2789
4521
7392
7620
5939
3468
1449
5809
890
4116
1344
4453
4196
6039
3771
2038
611
3917
8969
6997
1488
3045
8042
2423
3262
4036
9791
8649
6738
2044
8122
7087
2340
4602
9264
4929
2683
3089
6586
3591
7434
321
2822
5991
2992
3764
9156
4842
9508
4078
7629
1880
9042
7863
5328
4433
3161
7841
6955
3050
7749
2921
7657
2063
2285
3493
7715
1344
1932
6377
815
1574
814
9348
9864
7065
6458
4894
1068
9914
1747
9809
3642
291
1239
3267
8943
3589
1395
9499
9432
8487
8523
3082
784
4465
4605
5674
7487
7184
2849
3695
7896
6827
84
8583
8623
3241
7501
1174
8476
2379
397
9502
6156
3954
1974
9599
9886
9583
8474
2250
4667
1429
4337
7805
7640
6483
8575
4653
6926
326
7769
9378
3426
5048
4947
7861
791
2943
77
4581
4243
3330
7874
4673
3611
6592
2946
3955
1786
4109
4404
3757
6956
4896
3806
4733
7206
8593
2629
9231
1383
8427
9413
9801
8068
7493
6424
1776
6192
7212
8660
8827
4257
2066
6816
324
8379
2033
7857
5176
6062
7437
6914
8229
1299
7515
9336
6980
4957
290
8461
4775
4683
161
9749
1169
2623
700
8634
9410
4601
3250
1813
7129
301
2138
5231
9219
914
8598
2438
8244
509
3865
8801
6659
1873
7640
4242
9113
6188
982
1025
2286
7186
6300
4622
9515
1495
8679
1617
8826
1401
3721
6112
3459
4926
9684
8636
6740
5123
2447
5406
6933
5874
4618
2935
548
3857
9603
5447
217
8047
4367
5716
9664
6564
9371
3607
3766
2558
7861
2417
6223
9972
4154
6075
7250
8332
9652
413
6499
981
6399
4487
6209
9445
7557
7369
9877
4472
8872
1974
2984
3191
6506
1318
2627
9923
6799
4702
4251
5500
4485
5288
7365
3771
7709
8887
8427
4310
1647
9264
2770
8348
4380
3725
1553
4878
8589
3295
5505
4456
342
5323
4937
8172
690
9318
547
4283
2620
601
7011
2762
3143
9084
1808
9354
8594
8184
2996
3122
5402
7194
143
9062
9291
9690
2922
323
4080
641
4268
7501
5722
7061
547
3963
8962
9408
8670
1336
1385
1424
7083
5448
3952
6732
8828
3432
3994
6492
5317
8906
5736
4412
3113
7999
4357
1952
4154
2291
6326
8181
9453
4467
5898
1983
9391
9728
5793
5001
3757
6058
8232
265
9566
1080
5634
5080
6613
1771
6860
7830
356
5748
4051
6473
804
7140
7312
6939
1060
4539
6292
1116
9088
6489
3374
6700
6389
853
4953
4977
8620
6405
8162
2432
9905
3879
4230
5944
8688
6856
4539
9128
3862
3867
6180
1086
5108
2270
563
9326
6994
4712
4979
6528
2670
2073
7693
5910
1291
9209
4010
3371
2237
7983
499
2122
1736
6424
2151
6288
7522
672
5582
1250
9247
8383
3735
5655
810
5349
5077
5108
8066
1039
274
2405
3161
3135
8278
3516
3227
187
2913
548
6526
1871
1428
4425
9790
7605
4555
4248
2930
222
1770
6144
3182
8020
7816
6656
5855
305
5876
6199
8134
1093
3106
927
778
3606
6717
6692
164
914
1920
5048
4761
595
9463
8021
4459
3011
9517
478
1776
2386
6552
1332
795
6245
5421
3349
9559
5650
9764
2900
2769
6390
2043
6604
607
2148
8473
8519
8541
6566
7015
223
3679
2216
1596
6954
3485
3062
5021
3973
7544
7871
7562
3691
911
6426
441
4195
3783
9079
5924
5861
3883
4431
3261
5461
897
9213
984
6190
4930
3049
1353
6309
9958
1501
4453
6246
5307
1483
4480
6853
2700
5657
1283
8675
9293
4821
5082
6831
7579
5286
6977
4841
6298
2488
2748
5987
775
4704
2910
2088
1364
7386
926
8580
1504
5577
2444
3514
9399
1160
1009
9974
5075
5779
1523
4155
7929
595
9599
1302
6581
8875
4712
930
9024
4939
9983
3090
5527
5509
2734
1634
3593
4762
3665
1130
2864
925
116
266
4360
2878
3739
1842
7450
9685
2557
8416
8615
4417
4938
2586
2873
2103
8402
6942
4505
8824
7583
8933
942
4403
124
2554
7605
9473
1527
455
6970
9926
4568
2387
5762
4056
5811
9684
6718
6607
6841
69
4446
4051
5106
6978
2375
9959
8599
5136
2629
7356
7268
8761
3570
1600
4341
4409
7860
7898
8291
8176
2672
6461
3919
1133
1890
1849
4151
4068
5511
6824
9618
1277
6761
942
9956
6472
6857
1828
4632
2558
6708
4878
1922
257
7831
8818
4048
6724
7703
6774
8275
5441
5664
2502
845
7866
473
4535
9739
3292
4984
2199
1827
1749
7121
8727
8592
7029
4159
2505
1821
4232
8557
9883
9400
5749
6696
7725
5151
8212
5295
286
7905
793
5613
6648
1384
2067
7127
4630
4715
1334
1280
2038
4618
4151
3051
2998
6548
4761
6242
7381
1087
7047
7701
1308
6414
3408
1147
8362
8465
8898
4808
9851
5082
6246
4262
1344
708
1087
2300
5659
8983
6481
7177
8537
2097
5242
5149
6798
4525
1291
7223
1216
7572
8875
7699
3023
6000
7197
2960
8591
1368
3455
5468
9399
9154
5056
6069
858
6502
7779
672
4667
4168
3759
2736
10000
3612
2818
306
5272
6125
2052
9731
9991
6624
7423
233
6525
2881
9683
8308
8240
8350
4385
8985
1338
9992
5801
8165
522
6571
9497
23
9149
3091
5896
7726
201
6228
4759
3838
57
9479
7634
2566
7725
9796
9371
2025
613
9130
3639
8333
3616
6575
2952
8011
5951
4702
7144
7991
4712
8335
4071
3350
5813
8817
5851
7773
7378
1318
2330
8769
1972
6322
2438
1695
4752
318
8720
3315
7182
6083
7146
1391
9499
7645
4097
3929
5352
8479
4837
6570
5290
3713
8043
5969
1476
5667
9350
4477
9597
224
7838
2844
7198
8193
9846
2293
9575
8865
4979
3197
8065
6816
8316
2055
386
7800
7048
8392
9738
6124
7827
3808
8126
195
7878
6881
3814
2810
5405
8879
9255
2404
3692
9007
3383
3433
92
8101
9153
1674
2028
4830
9991
3896
9443
9073
8918
1190
2806
7118
3669
7064
4476
7801
6134
2956
242
7634
7544
6671
6631
7735
1751
4402
29
6257
1041
8770
2302
4632
8547
458
3118
3551
9043
3840
2054
1001
2450
2582
8514
9717
6090
8476
7640
3607
3310
8298
8048
1054
8056
3025
5206
2252
9381
1786
3094
8011
8744
7492
7335
9782
4117
9111
2119
6733
2198
550
6214
5818
2138
8620
3870
4947
2311
9955
8880
1655
6829
4864
583
4238
9807
8464
4207
9339
3179
3253
6032
7084
6143
5689
4309
9549
9838
7241
7156
3088
5913
7548
6552
1496
942
9316
3238
5322
5482
7579
6585
851
9768
8713
8435
319
4362
6642
3511
8388
6911
1778
8457
6179
0
7360
9038
8545
4639
4325
5632
7433
9457
6271
3463
9787
9530
1448
3881
6901
7789
4846
856
7263
7604
2477
9709
2825
4707
907
3535
7036
5264
4137
8092
5689
6546
1876
3952
8469
1543
9628
4916
6341
2248
99
6723
913
909
1463
1646
3161
983
8343
6231
135
765
6746
6241
7995
8075
9007
2553
3585
9543
3177
7544
8915
1218
3319
7863
8433
7177
3468
4940
7074
5097
5512
5557
7695
7746
4524
3168
4364
9626
9446
6092
7690
9276
1142
3573
3624
3465
8667
8190
4554
9936
3707
6721
3213
9328
222
6540
352
3155
6424
797
1048
395
635
8964
3644
5719
2636
1029
3188
2255
9531
3798
5465
6083
9287
149
7633
9190
8915
8551
3665
8328
2319
2258
7414
7702
1720
6960
920
1106
8721
2547
297
4859
7293
6337
3989
1663
9677
2976
3277
4830
3778
3390
2122
4926
6124
2696
8401
2416
3573
7065
8506
3166
4333
8496
5984
7729
6615
4074
3793
891
701
2252
1454
4902
9682
2367
7862
540
9842
9377
9588
4309
1041
9572
3806
321
1780
7825
1165
5644
8236
9409
937
8449
242
3868
4945
3477
8714
2399
4494
2560
2302
5715
5112
2860
6775
5558
5160
1746
4831
5990
3631
3401
3258
4712
8427
8698
4651
5518
1104
3177
2549
2764
8757
6616
2773
3663
4846
3953
5446
6422
9463
6799
1087
1286
6580
7529
5971
6208
3631
5581
223
2107
10
8715
2580
9453
7757
5975
6750
2967
6359
7457
6739
6226
2750
3687
5292
4219
856
6656
8978
152
715
2464
9940
1168
9457
457
2835
5847
1705
3151
8022
9492
128
9369
2935
7025
769
9049
8802
1196
7853
7020
679
6063
8279
9620
7845
5089
5315
7628
8005
4626
2880
7705
7646
5479
4730
4097
1859
8935
7643
3333
7319
2274
2625
4775
9568
7271
7555
9514
3285
5959
5162
3290
9299
2465
9001
3300
1904
2766
1946
1711
7953
5319
2565
8123
3189
8708
3289
4152
5611
9894
8412
7414
6881
9051
4212
3723
8162
8840
8180
8431
9103
9344
4332
1540
2037
3783
9520
948
2859
6382
8163
7093
5067
2226
7508
7680
7667
9878
8215
6843
5898
4232
2110
879
6634
4187
2750
2203
6480
866
9152
8665
6502
9444
3395
8077
2550
9804
7155
1503
1731
9301
5897
2597
524
886
4934
1792
9274
8321
9850
4212
5324
2731
7532
820
6383
1588
4602
3557
3492
309
2952
192
3311
5222
5564
2923
5325
8034
7559
9358
4780
7259
169
7314
4573
4523
6178
7131
4091
8223
4398
5976
5083
8307
2256
3724
9509
2104
5837
4438
8416
4595
695
9085
7844
8540
3380
6615
9368
6814
962
1397
5796
8536
4729
4518
6131
4104
4530
201
4429
9401
3320
38
1551
3915
7933
5074
631
2469
8112
5518
6001
9824
5131
3937
7134
8636
1368
3636
681
6146
2433
5634
4741
8743
506
1400
5719
1353
5325
1869
1433
7257
3855
565
5818
2177
1440
8780
8951
1863
9178
523
7738
3345
4143
1557
7527
5793
6680
8201
1036
8765
6750
3475
3405
152
4194
6913
6537
7368
9328
1865
5276
4746
4101
2272
8364
9163
6312
3719
9204
4083
3097
8801
5989
8670
7152
382
8291
8998
1463
2245
964
4134
8696
2472
490
2648
7457
2214
1950
587
5927
7114
3471
2730
3271
8293
1426
6481
8968
3132
5575
6085
1294
1230
3776
3500
8280
7747
8664
6485
7480
5286
548
9470
1083
4591
8733
739
8932
7867
6437
8061
9871
7083
1677
9046
3441
3895
6023
8823
8802
6100
9984
56
1427
2374
9454
175
6132
9871
7100
5530
8733
2772
9513
9477
233
7072
8784
8454
185
7275
5302
6292
9338
7757
6391
7418
2049
9779
9596
1388
3358
5041
8698
6966
1721
2738
9781
2911
1009
3551
1048
3989
3978
476
9391
9232
3454
1428
7169
2311
863
2979
5660
9040
9393
6296
67
8789
4691
4140
6528
4187
758
7577
2138
1418
2155
6143
715
7851
3605
7830
201
6243
4968
5666
5997
9812
2549
4625
7511
7700
2534
9365
7684
6837
2712
3366
4760
5456
5815
2091
9217
5652
4822
3716
354
1006
3077
8210
5762
9639
5574
2893
4515
7633
5442
6280
6618
3732
2177
2166
4382
3589
9530
1456
6844
8429
3010
7338
970
5716
6575
1144
9540
2412
5669
4344
9457
4870
3286
7775
1140
9091
2652
3749
2141
3584
9867
5877
7728
1477
7270
9691
3711
6494
4865
8683
2270
615
4905
263
5545
4066
7146
1101
3623
2989
3500
1360
8932
3745
8388
2808
2468
638
2592
6465
9973
6633
6232
5679
899
3703
9749
8387
240
2332
8566
8533
9892
7808
1704
5364
6282
418
2020
4347
7060
4284
6664
7152
3520
135
9250
4756
5513
9715
1329
3799
969
2227
8373
8977
4254
17
764
7337
9726
3153
5705
6675
71
3932
2160
4568
8851
286
3702
1558
2151
4143
8895
8301
3937
7099
6928
5073
2901
3164
6881
3938
3831
6646
6699
2179
2061
1077
9279
4328
8987
5219
2199
9552
5399
6098
7316
5401
7073
9947
428
1467
2632
1756
510
5981
3396
8168
7283
4615
1899
3662
5465
3947
8993
6914
5456
1671
6725
1083
2735
2886
7412
6258
2427
806
7388
9960
2640
8948
4810
1335
2005
5220
5314
735
5624
7228
6230
7212
1161
848
3998
98
5610
221
7596
6437
4554
3487
4343
9664
7355
3648
9673
6792
5512
9366
3597
4383
8602
7072
9021
2134
3011
464
6396
7633
1142
5166
8873
284
1738
6777
9618
3925
4132
2056
8365
5446
7890
9482
2388
2709
981
3170
9915
5059
2875
4682
8740
4767
2594
3390
4558
7011
353
9648
6353
7591
9062
123
3315
7226
3839
6283
8100
8229
4109
7434
429
466
7377
9550
3201
6826
7318
8653
7509
3161
6950
1222
5656
6293
2727
6707
3145
3168
8082
8235
8999
9308
3800
9074
865
2472
6686
5661
975
3349
9480
2858
9132
5931
4605
1971
8286
1600
1390
8230
7447
8167
4885
5504
5822
85
7121
5386
5581
6143
7044
8249
1261
6379
2082
6196
2070
3019
9996
576
6360
6363
7103
9370
8846
3239
8704
4223
9615
2793
7622
8726
1711
3307
9298
8215
2069
2539
7319
2205
5155
8042
8750
982
9168
5082
7353
8160
3270
1636
6384
1501
4318
1252
9682
7579
4599
1770
7417
4477
7817
4482
6532
5411
9156
7312
7804
3795
4903
5799
4240
1127
7500
881
6985
8066
7835
3030
40
3618
647
4614
8150
5315
2374
3556
8802
6272
1700
9984
369
3923
9433
6009
4401
2592
8247
7083
3828
7598
3608
2898
2590
7003
1730
5000
7810
3281
4129
9562
1297
3633
6295
4153
9890
2320
7769
422
6833
4993
4816
4217
4986
7130
6546
8360
7966
8048
8487
4314
5441
333
2927
3841
6490
8966
1139
5132
7348
3850
2116
7056
4446
1114
9426
940
6534
8500
8043
3389
5196
5999
4808
8133
4152
7880
9480
6820
1076
3841
3080
8197
8906
445
2162
5591
6609
2045
6733
4707
6731
1537
6410
5747
9654
314
9597
7239
6929
8895
5935
5468
4961
592
3164
3517
8813
4481
1911
8834
8088
5464
1884
2553
3674
7032
6399
889
9756
8456
5871
2901
4305
4763
5463
5789
5477
7740
4683
4788
3797
5994
2180
6654
2534
2
3006
2195
9304
530
1312
6967
6770
8920
185
8556
1295
1578
5019
892
6621
3298
7511
694
8023
1755
6326
8559
5217
2513
9527
7754
2609
5686
1533
2981
9774
7878
6639
2655
5149
8545
7989
1911
7293
8484
9577
5458
4369
3260
857
189
8118
6771
8244
9613
255
9353
4398
5233
244
4639
3977
2178
2653
5997
4477
1846
2361
8719
4066
1520
4534
8739
6602
1547
2598
6809
672
8272
1433
6157
822
5931
1333
3979
2042
7098
4068
4542
3804
5535
186
4980
2268
3688
9509
7863
5254
3848
8659
4528
2043
2987
1776
3646
5767
2804
6155
114
9288
3225
3306
4013
7701
2048
5744
8481
9514
6578
9256
5127
8595
8150
3074
4255
8039
2224
4347
5636
4867
7183
7712
5248
4568
5926
5224
6090
9919
7647
1345
4173
1172
3223
600
9693
5372
7091
2901
5785
2875
2054
3947
3350
6144
4856
7526
9568
7177
6429
7008
233
7616
4704
7018
6708
9219
3082
1207
4222
1187
7503
7645
2910
305
8953
9616
1176
4534
6682
9201
6668
3187
9222
1398
3822
420
3711
8990
3825
7365
3913
7250
4619
2475
9232
6857
2330
1014
924
6855
8551
8357
4406
8795
3829
1590
220
2629
6993
6130
1153
3626
7527
6909
2810
9786
3057
8615
6912
5776
7224
6860
6085
7920
1352
2898
8095
207
8061
9749
7760
2966
610
6977
4847
4107
9618
3211
1724
2313
6862
9509
7410
159
3947
8057
1451
8256
5262
2781
44
4134
5717
8313
2004
5295
3121
1211
2372
6418
5316
3566
1788
4470
6599
7655
9335
8534
7741
5429
6213
8100
5916
1989
9696
9262
1109
5494
2727
631
2675
5088
1098
1984
3789
7638
4906
5986
3214
9298
5259
2649
431
8212
5235
2637
1493
783
7775
9660
8880
8302
3381
1410
9230
1444
4524
7640
977
7917
531
7173
593
9805
5767
9122
8397
7851
3560
5602
8383
5116
9269
7822
9775
672
8117
6601
3268
5298
2316
2978
2229
6322
8529
1334
1560
9683
9594
2424
9215
6094
5739
825
7567
3664
8193
6758
2975
4578
5052
9235
2759
8577
8176
9891
5956
6159
6763
3989
5554
3297
600
4258
5700
8540
6965
901
3074
8841
9737
6076
1085
6959
2310
5346
7423
7992
6372
7890
1627
1773
8155
5062
9163
1210
2746
4650
7950
8331
3712
6576
8388
9028
6307
254
5536
182
4789
3765
7565
7870
8525
15
4899
5940
7310
7912
4615
5607
560
1346
3534
5364
8589
697
6432
4739
105
7924
5351
1467
9333
1715
443
6775
172
1277
709
7840
4577
54
5244
4958
9083
2123
150
3841
6163
2551
4751
9849
5643
9406
3239
4756
5862
1133
1599
6167
1606
179
838
5656
1439
7350
5111
9797
7963
5647
6948
3334
2504
9788
7142
7160
9371
7765
6693
9286
3378
2414
8333
4798
7913
7208
3043
4715
4546
2068
9181
8250
8493
59
4910
795
9786
8837
9943
2981
6809
8346
7792
9873
4287
400
4358
1412
3558
8479
3498
8534
1861
4604
3086
8614
6520
3924
922
1510
1408
8109
3776
6197
4102
3217
8545
8206
7402
2694
1795
2749
1321
7269
6563
1047
8026
9467
4412
6254
1212
3789
6738
5619
6105
323
1566
490
3263
1276
5057
7770
5468
5577
4970
1462
2950
2157
6179
7166
4898
1857
8921
3220
490
8539
8051
8746
830
8571
5478
8051
7374
2344
7698
3652
2724
1428
4985
5268
8579
8585
5410
4320
5840
3266
4007
3938
1910
7298
5046
3738
1294
3773
966
2459
8308
5857
2379
2680
5120
8032
5454
3469
8679
7031
