6330
5477
1131
5644
4736
4525
5282
2202
4634
1055
826
3242
6039
2673
2204
7034
9609
7282
4009
4050
9108
1421
3437
3818
1652
7490
1825
9756
8770
5066
2930
8134
2793
9929
1947
2583
4501
1444
9851
4350
6749
9976
6573
1842
7539
8076
1908
1416
947
8399
7916
8634
6577
8538
7172
5219
251
1014
1089
4650
2879
2219
8090
4222
3881
7887
3716
6094
5748
5174
196
8432
4044
1032
8269
5411
2177
2117
2748
1187
5674
2334
3064
3175
3578
4211
2941
4357
4159
2018
6357
2321
7429
9509
8246
6173
2274
1244
2087
9040
9244
9679
9704
4839
6522
3443
4912
2004
8040
5840
2508
5097
6314
5151
3277
1700
3006
2939
1754
1565
2467
7906
7232
501
169
6075
5030
1078
845
522
8222
2004
9117
9302
6919
2491
6579
7211
8142
3174
33
2707
5629
2369
5849
7115
6954
5884
6978
1829
1091
4258
212
3267
6298
167
1001
6315
8712
8559
473
7928
2579
7169
5748
9259
5466
242
7865
3640
9743
8623
9492
4311
5816
2667
5331
4762
9683
8149
1569
9939
5052
6267
4701
9528
8087
5089
5668
4070
6460
7473
4023
358
6736
1271
6239
1125
4983
365
5129
5764
945
7814
9176
7286
6729
4397
2062
2015
8565
3492
7390
1419
6371
7053
3769
9312
6670
2514
2956
2551
2430
3113
2283
6334
2038
4859
8840
4846
1748
8275
4896
1587
8402
5967
331
4252
7946
8487
4495
5580
110
4639
5796
966
5017
7344
2470
9665
720
6955
4256
3711
2301
7054
9025
7020
8228
2201
3648
5858
4570
4250
7515
4531
6530
7609
4327
9998
7555
1716
6995
9147
8670
9299
5779
3832
5296
6448
2896
5473
7401
5589
1576
6110
4420
5560
691
3921
2691
1739
4247
7609
3070
2005
3715
8071
4526
7323
1474
2924
7795
2893
4629
2985
8159
6625
2297
2102
4738
6906
9338
6761
2166
7565
8377
6988
8153
4759
6164
3788
3198
5822
1335
4750
3215
554
9749
9972
668
8162
1308
5094
7784
8476
3841
9650
8120
548
12
3344
1946
3027
5536
1034
4264
3598
5293
1205
3482
5475
5443
4073
4753
2269
9730
4208
4484
9904
8137
1388
7442
4568
2365
4277
924
1714
9441
3820
5682
6916
3387
7813
7288
8054
3078
7002
1769
8938
994
4539
4808
5864
130
5300
5452
5476
5984
4138
8874
8121
4754
6113
5434
3376
8466
5229
1981
1447
6038
9466
353
8675
1137
2442
1917
8530
7825
6363
6446
6500
4859
9853
5605
5447
364
1071
9195
7269
1921
2559
5867
5004
7891
3866
3689
183
686
6275
961
2996
2405
8260
8711
9785
6857
543
223
6456
2417
2023
2857
3503
7031
7774
5643
7230
6527
2211
5140
159
7115
4556
2223
8100
3473
8049
2471
5385
3991
410
1012
4128
5375
3011
6376
4252
5133
6267
2161
6105
4081
8220
2950
2404
844
1814
8317
3130
5284
6469
1586
2039
2641
1514
3708
7088
8543
613
7189
2096
3177
4706
583
4698
185
5659
8234
7075
7528
1303
8885
3453
1228
676
8509
4719
8515
487
2000
7054
1811
3636
1874
7193
6742
1407
4117
3414
5748
6597
7996
6421
1735
165
9329
3936
8719
3191
3478
3654
7071
3891
9877
5961
5900
9687
2769
3844
6701
4168
7055
2592
9409
8936
5136
9565
765
4447
5532
7908
4216
6470
1569
5141
7814
6007
5562
3189
9626
5221
37
8930
7187
3904
6565
2427
5428
7853
9309
2140
9051
8545
3571
3195
9168
5057
8458
4814
3171
2867
7926
3303
9318
2537
4113
6194
608
6578
7928
8508
3407
270
4505
2603
645
7356
507
1978
6369
1201
1101
5753
7202
9020
9642
2980
7727
2628
5334
8861
6302
6851
9
2520
6184
6495
261
1586
5698
3475
8525
2840
798
7793
4845
7427
879
8706
2846
9949
57
5458
1040
3585
5139
445
3955
4440
9942
1984
4870
9501
4423
3732
6750
2986
1537
708
6886
1549
1881
7152
1453
8755
5803
3421
1021
843
1525
6295
7656
5783
5351
5964
6594
3362
596
7780
8137
6909
549
1654
3776
613
4090
18
3618
1474
4714
1059
220
1081
722
6817
3136
1711
8956
6311
9088
8680
4544
1171
7085
1930
7623
5638
6197
5902
5737
5617
7054
8473
3235
4999
2215
1804
8055
5272
6457
5614
3092
5756
4597
9569
6599
6613
8200
5930
846
490
6648
1547
2168
9896
9759
810
9863
2877
7641
7296
4499
9033
7699
9708
8058
1230
1667
3856
7966
8621
5283
9454
3520
3833
3839
7876
3711
3110
5918
988
1246
2591
8609
4781
8798
1345
9861
181
3639
2648
3715
1440
8730
4179
4067
712
1886
7325
4134
1996
5700
8594
8915
3014
5551
328
1438
5068
7561
4592
8506
5478
7003
4362
8916
6190
5674
930
1270
6659
7038
8071
114
6687
5554
8162
1854
5155
8126
5493
3071
3558
6731
4749
3056
5418
9922
2253
8614
6840
5715
4764
6870
2630
118
1833
1792
7008
1946
1605
6032
4874
6704
4977
4883
6516
4598
5888
5325
2054
8884
2763
905
3993
4422
5229
357
5722
1507
7701
898
7349
9075
1863
9443
8255
9217
942
6485
2461
221
4331
4880
8590
7551
4947
4963
9343
7249
1918
3102
7457
8312
6230
1962
4054
4985
7498
2655
9293
475
6482
9527
4175
6283
2290
5797
8237
8253
7580
180
6878
3115
9652
3754
83
4388
5584
4987
8759
9928
9386
2122
2318
7555
2860
3329
6428
4779
9149
9493
7558
2934
9229
3026
6207
9895
9326
3904
7329
9940
1479
9088
2311
4077
9362
8378
649
9109
6085
2646
7613
2133
1955
4506
9885
9981
8176
5071
621
1233
2522
47
4221
600
8215
8978
6024
5609
7577
9966
2693
7612
8876
1142
7470
3158
7707
6281
2959
1575
7233
9859
9412
5216
3429
2737
477
7789
7004
5314
7784
3947
7134
1624
6524
3978
6396
2577
4485
9367
7938
365
8190
774
7874
6664
5879
7555
2558
8156
3821
9139
8867
6025
8602
9261
8582
1830
1747
3068
5995
9628
272
949
4417
8619
4161
7184
978
2658
9531
5753
921
8381
3750
675
3363
3710
7406
7013
6014
7995
576
7358
1467
486
8171
1453
9955
8526
8514
6060
3578
6054
4567
2042
4405
758
4944
1647
6360
2224
1751
4880
5226
2397
3575
7277
8795
5675
5716
5038
5092
2834
573
780
4997
2450
4744
22
8580
1818
4464
4826
7786
5908
2120
2383
4894
9401
8812
719
6631
1562
9707
6261
3974
8972
8197
379
2915
1496
4033
6937
3671
545
5459
2929
513
1875
3990
178
9070
6061
498
6688
751
6684
9223
3619
2943
521
6284
7404
1901
2927
6551
6732
5838
9844
1223
8142
8460
2511
5772
8772
2329
3534
6046
4466
3387
2181
792
7072
1641
354
6036
4056
1955
5330
8096
637
1533
6259
5576
2040
3988
7143
7015
7496
9247
6437
5233
5695
8627
7832
106
2232
1634
5476
3606
5967
2457
5676
1821
3252
673
3542
8006
3440
2507
1402
7498
1145
8031
2720
7630
21
3505
4413
252
1363
9301
1616
2617
2931
5437
5410
5366
9371
651
706
1289
1652
3456
9220
4142
3706
3460
2497
55
9663
6485
9191
7554
2323
6057
1669
5485
4182
100
1020
5597
5243
3898
5191
8275
472
1404
5579
2453
8384
4907
2052
5717
8543
4536
4690
3201
9055
1415
2844
9207
4065
8131
3050
331
8478
4281
6092
9733
2732
635
2065
4230
3075
3590
2513
162
8625
9560
345
5599
1692
9128
2040
5296
5060
3430
2992
9962
4032
2957
9718
1340
4520
5623
2311
9995
9718
8086
324
5748
2073
6629
1472
9698
379
1113
1678
1897
2578
2207
1272
4599
2400
7458
5551
4485
6230
5156
402
9508
8892
1922
6397
5811
8963
4866
1897
5924
3374
4159
3980
4546
7415
3836
6656
3155
1750
2032
51
4783
3706
8916
315
6951
9743
7495
1268
1836
9225
6653
813
8939
3844
1376
6152
2241
4749
886
1695
8066
1748
6165
8438
202
6797
6085
7143
2271
332
612
7648
2626
2152
6393
4754
3395
2864
4327
5523
4623
6515
7615
1121
5958
1997
7179
3427
8207
5988
9771
4676
6280
8222
4425
1956
3368
1982
6024
7436
3073
5453
1542
1030
3676
5255
886
1926
4033
9513
991
4339
6789
943
3513
467
107
5680
659
4200
7842
8603
9077
3625
7027
7163
9418
9201
707
80
5700
7068
6064
313
7256
6415
9701
318
9999
6550
1465
2824
4926
9045
6120
1026
5664
3012
1325
126
4596
6772
3048
9134
5967
6442
2587
8553
4519
3115
3880
9489
248
3043
1899
1719
6906
8460
5456
1533
6708
4890
5568
3067
2277
7671
9288
4692
3066
6173
4416
9583
6286
1235
4054
9672
5021
9223
2481
3204
1008
8645
9683
3503
819
4432
1571
476
9106
8955
2967
9946
8492
7892
224
5576
1672
382
5031
69
805
3953
488
2272
5866
4365
1625
1437
6759
1113
5949
4324
5289
8422
2113
4345
2871
2367
2560
1168
7370
1631
1369
5130
1150
6688
5113
8305
4186
2453
9470
360
1816
7721
3845
9270
8538
9561
4954
1083
4593
1278
9534
638
9548
1515
2728
5098
5441
6368
6648
8372
7964
9688
6888
505
5747
5952
2576
9375
3732
7665
3253
4091
9477
9893
1786
5556
2468
7373
6903
2095
9113
1032
6896
1894
5303
3509
9978
3329
8610
207
9274
3078
6310
9775
4833
7089
2061
5198
910
7902
3158
577
5226
8424
6143
2608
167
963
4541
1398
5337
2618
4965
4296
2831
493
9057
8430
4332
6328
3980
7835
344
2988
2089
2901
1684
7911
2159
5972
7757
547
6662
850
436
5526
2979
5127
4029
6425
3440
6739
6580
6801
9472
637
7066
6104
8558
113
2887
3465
65
9055
877
4317
3638
6087
9559
2421
867
3807
3823
5234
2873
2292
2091
5880
7470
5742
4404
9801
7377
3714
6602
8231
1866
4101
7985
7953
4316
7992
5717
8497
852
3083
3387
6182
6988
8179
5146
4110
1375
6194
57
9973
8884
6286
989
2066
1590
9915
3663
4884
6965
6004
9228
6897
4366
7140
9170
7088
339
2624
8203
6084
9037
4324
4543
6667
6734
9114
4354
9142
604
3470
7042
6104
5805
8567
6449
8644
6565
2913
7316
9070
8397
3271
3022
4307
2255
613
5825
2873
365
1390
6956
2547
1911
52
5140
8490
806
2318
9618
4262
3570
4813
8522
9734
6666
9753
6916
7763
1227
6999
1570
4672
8144
3272
2706
8816
7228
2454
7011
9999
4781
2777
7473
8469
9469
1235
5308
4414
5967
5578
2373
5514
7409
8881
7544
7361
6111
2710
3231
19
8109
2093
7553
5732
2160
4963
3820
34
2678
2204
3719
7401
714
1489
7975
622
3668
7677
2145
1788
1312
6171
1572
1714
3375
5390
6356
1195
7184
9143
4827
917
8562
1101
3576
5714
7369
4617
9931
2438
5541
4819
4847
7838
3515
9821
4096
2082
4460
225
5082
5733
3336
8959
9186
8246
2464
7916
7901
4467
8044
1098
7793
4387
7657
2852
1023
5136
8077
9515
7316
2736
9955
4663
2974
2225
7112
8095
4444
6981
9250
7665
6905
9954
6169
3825
5923
1636
5558
854
5757
1144
8372
9380
8866
2229
6187
6433
1854
9286
9808
9359
7837
9715
7426
8198
6211
341
5101
5232
9286
5945
3327
3546
8790
6761
1100
8102
6850
6028
4972
8186
3585
6700
7380
3907
5527
454
3192
7765
1662
8835
1272
1055
3609
5819
8165
819
4363
6689
4013
5581
2374
240
4165
4138
7314
5251
937
3263
9359
243
1511
2726
7459
6273
5778
8436
7818
5734
2127
7208
9458
5403
5525
2262
2470
2543
2434
8786
4423
5327
4454
7237
5676
1111
9208
5531
1803
1977
3687
7547
7402
8156
1052
3728
8600
7776
7254
2306
3560
4652
3961
1832
4987
1518
9604
7819
1518
575
2653
5564
8004
4784
9761
9747
1458
2225
6914
7936
6440
4859
3656
5429
2018
1274
532
2934
3851
7879
6946
1331
9555
2092
5596
1172
8310
9222
6920
6548
9805
8746
1456
4608
5960
9020
3720
7083
791
6554
9961
2018
5032
556
4847
5632
644
9862
6392
2122
8003
6796
8673
5578
9902
843
1524
6690
4964
2998
8626
5371
2147
9993
1194
2184
8517
198
7182
5710
2342
1918
987
1454
6348
5809
9087
2142
9026
2195
4936
8016
2608
7436
4249
2483
4480
4280
9772
768
9834
6666
1817
6323
8772
3893
7497
5000
9464
5855
5493
5541
7509
4119
1901
8352
5160
7579
4635
1361
505
7656
7852
353
3640
390
4632
1545
601
3040
9027
5008
8249
272
708
1804
9650
8428
9673
8362
4261
8256
975
8242
2407
5575
1256
3841
4489
8209
7685
2447
3792
5246
2971
9914
5243
4287
8118
5287
6852
9371
3080
3835
3418
5915
3116
7795
1776
5335
8251
8003
4371
3490
6319
2018
9760
1866
8063
168
7461
6386
6017
9242
4220
1179
7201
3314
7650
9223
5090
1463
8912
2155
986
5380
4146
8211
7668
8990
7375
5939
1997
9011
8255
6650
8311
5844
1901
1643
4126
1593
5734
6393
5715
6992
2015
7682
9565
9023
7005
9952
5340
3200
8429
7955
1551
2265
2275
5796
226
6401
3696
242
6460
4541
9436
3653
9941
3919
3498
9578
6363
8032
8061
8407
9458
149
9348
3477
4540
1859
9514
3991
5010
4204
7515
4480
5209
5092
3887
8871
3405
3070
3673
9434
1251
5261
699
3196
637
2066
7459
5235
7304
9022
413
2343
5511
3153
5694
6821
6854
4831
3053
8926
5863
9954
9800
1979
7182
8755
6028
3414
643
7965
3131
6462
634
4037
6070
457
2494
6905
1258
3972
9000
9121
483
9372
9563
1391
8112
9633
3885
408
5532
333
1030
2245
3458
318
1311
2936
5182
7068
5412
9473
9918
8287
7144
9595
1791
4619
6554
1670
3261
6132
5136
1215
6599
18
632
499
71
4743
9411
8140
9299
1592
9066
350
1694
4074
408
5020
6827
7224
5537
1902
1457
5454
9182
2481
4972
4987
9613
6612
4542
445
7610
218
2435
801
9118
7245
4471
4929
5408
4042
6838
7289
6550
2225
6756
875
9510
3673
1176
7385
3062
186
6756
1749
5706
8686
8414
3173
5705
5137
6682
5171
8142
7682
5578
3636
1526
15
8027
632
6061
6769
6496
9493
7574
7859
2591
5022
4929
1329
6246
6293
7557
8817
4484
5218
6707
5893
8256
8880
8737
5420
6881
1114
926
7898
2816
2184
1633
8846
8961
5419
1726
2654
5703
617
4864
5836
8467
3748
8608
8546
1664
6815
1666
9032
3415
490
8087
1791
4597
5299
1005
5829
7852
7713
9571
3840
7931
2922
235
8506
3982
2455
4232
7289
5331
665
9313
8968
1903
245
9685
9132
576
3075
8123
3534
8663
6347
5027
4092
7811
4420
1351
7315
2137
291
9697
5643
9846
2889
6651
5292
1325
4117
9620
4393
7711
5540
1555
7510
1341
215
4572
5782
900
7313
9445
3642
7985
4777
6633
8158
6849
3736
9532
4417
6228
7243
9710
6495
209
7337
2610
3433
938
6425
8907
6757
2571
7041
5679
6103
921
1674
6495
6038
9415
6315
3998
760
1453
6444
1909
9859
4390
2188
8505
6380
9675
9854
2923
4130
4311
5060
5888
1873
9935
424
9701
7007
6614
9556
7494
7559
634
5620
3400
2809
8015
1257
2724
4556
936
6225
9501
3892
43
2185
6217
9716
8286
521
1843
7406
4146
3307
4417
6685
8189
5424
4045
8212
4288
873
9040
9295
2244
1828
6550
95
4915
7944
9032
1592
5656
8611
5246
6178
1762
2916
8683
5170
8212
1399
811
1645
5010
1509
7147
1176
2857
2313
6439
187
9272
7787
3413
8450
7240
9834
4606
5267
92
174
4084
8073
5933
8928
8216
7766
9291
8603
9904
9719
2778
4812
3321
2065
448
1652
1958
2777
4048
7807
3152
6375
876
1285
6836
7080
7598
1165
4218
4065
6647
6967
481
9941
8836
6475
3344
4835
3974
9957
1949
1454
272
4248
2032
6780
4621
9714
6263
8052
1582
6368
5310
5444
3364
5707
1043
4111
6209
6712
8856
3258
2904
428
2025
1775
9382
2152
5269
8659
9517
9366
9973
5554
7779
8715
8832
5513
226
6646
7436
6459
8889
3843
4846
4013
1619
7293
7779
3769
9403
2098
5235
2883
8272
1080
8831
3615
2348
2119
5247
5899
4346
6251
7120
1524
4522
1845
9550
2239
366
2269
4143
7771
5782
8915
5735
9030
4013
5427
5281
6422
6630
2547
1383
4786
678
8254
1954
8687
2723
6568
2775
6745
943
9759
2725
23
4577
1171
499
8109
7331
2632
2658
1986
765
1026
385
3840
3889
4545
6609
3853
6824
9564
9364
5902
184
8574
4536
1450
6988
2233
2177
5926
9371
9407
6263
7247
9146
839
4845
688
5448
9098
8730
4657
1708
202
5013
3239
5216
1635
799
307
666
9829
2882
8059
5190
8724
1933
9541
8446
5917
7813
4561
5259
7596
2350
4311
9247
4221
2825
3749
5585
6531
2074
7867
107
1742
7876
3989
1317
9892
9562
3448
784
119
2333
2439
9684
334
6072
6336
4959
9477
2795
8222
6170
2031
9110
7863
7868
1989
1665
9706
9281
1887
8535
1313
7464
1708
1560
8826
5362
1822
6376
7970
2043
9406
2212
4605
7962
129
937
8849
1922
3428
7029
5855
3180
2836
3331
3150
6250
1398
7239
8694
3314
5009
3543
7116
686
2460
8215
4461
248
2841
1846
2330
6915
3713
7523
1475
2235
6697
591
3550
8879
3014
4114
5317
8549
2893
4037
4126
6775
557
642
5038
1516
3572
6320
195
5494
2749
8229
5179
8195
1088
2760
1092
811
6180
4206
7867
8845
3955
1004
7030
4303
5440
7704
8709
1570
5703
9552
7515
7032
2806
3821
569
4109
2033
8324
9891
4383
908
2975
9549
2954
5322
3826
7329
2323
2180
6863
1645
2622
8039
9357
3482
7601
6863
5722
436
1947
1358
6584
2265
1160
4953
6418
1936
2600
2180
718
8104
3427
2160
2242
5279
8985
6163
1703
2842
4181
957
6824
6781
3536
2276
6562
991
7183
703
6725
522
4219
5853
9824
8783
881
2695
7958
717
7516
6121
9862
8760
2508
2523
5516
8868
8412
9851
5312
1404
5561
906
5124
478
2709
2492
5963
8170
6348
6033
9982
3160
9557
6982
9076
7623
5649
2212
3428
8707
7296
6845
4813
4929
4167
9106
8857
3087
6485
7780
8902
5311
1432
4053
4245
7636
2130
9163
36
8271
4151
5286
467
6765
4049
4110
5691
481
3925
6560
7855
2193
1260
6706
8743
5244
4508
7266
1961
8058
9725
9822
9924
6050
5471
5461
6502
6659
3262
2037
8208
1110
6382
220
2319
1700
1290
219
1492
8634
4147
9226
9746
7198
4985
1582
1084
2274
1656
4849
1305
7167
9339
2227
8881
1717
893
7561
8914
648
262
5860
4228
6377
3861
466
8575
8687
2716
7754
2297
6594
6973
3061
5729
5796
4200
2574
2626
8025
3532
8885
7378
8431
1661
1110
5279
5565
1789
908
7604
5518
9273
9445
8264
5940
6831
7991
6201
7246
1757
6296
2367
4219
2204
8557
9094
1103
7109
826
9780
9461
3591
132
6548
8132
8977
5437
3187
2542
5444
6678
9962
3939
6523
4591
2050
4717
7537
9511
7024
491
2924
7010
7406
7766
8899
1801
1334
6960
117
676
8656
969
6372
9039
5374
2123
1285
8806
3783
2945
7210
1535
5480
8687
7779
1765
2260
5358
906
4100
5825
9136
5531
5356
3170
3871
7241
2938
1373
3596
5
4574
319
566
3967
3801
5053
6386
4672
5889
1217
9482
9222
5467
9698
57
8514
6425
4442
5919
5148
1093
602
3517
4538
2181
5266
3865
4822
7004
8594
8823
5396
8094
3758
1841
8450
9124
8484
8364
2938
2044
5852
7970
739
912
6777
8697
6304
9047
8645
2832
4083
8397
5114
2108
821
1308
4772
8933
6986
1782
6962
2650
8409
2675
2819
6776
9929
4243
5571
4021
5772
8358
2263
5053
9082
9577
2453
7733
3497
599
2792
386
7360
5110
435
3012
5861
665
7839
9084
4783
860
7631
7786
6791
5035
9865
7301
1081
8092
2886
5888
5094
1605
3603
5012
1185
373
8963
6210
8767
8538
7421
8885
7068
2879
6602
1670
5025
9894
6857
908
3180
6182
1340
7565
5658
943
8429
3434
5226
6072
8706
3120
8048
1816
5978
8104
5964
2517
4886
6970
2884
4279
9299
7041
3140
9141
841
2870
3729
4001
3397
1895
3206
9901
3497
4903
7563
1668
415
5645
2841
2632
5078
9571
640
9122
7995
9261
4746
3473
3746
5730
3622
7361
6715
5389
2443
7450
3950
3579
870
4125
3198
6685
1765
1378
6010
3936
9535
1376
4244
2296
110
39
7226
5936
4119
724
6361
9503
9597
2303
5040
7441
3995
118
1139
735
8941
3
7406
4086
7177
6506
8971
6938
8863
1100
1361
9082
6797
6242
5590
2992
8328
6416
9694
3792
8043
7775
7792
2694
5531
1770
4039
7794
6109
97
5766
9102
3308
4125
4234
3146
4253
5
7375
2676
1716
8111
5121
6979
916
9275
3685
3608
5725
2195
5533
213
7851
6726
6282
4752
5455
8339
7091
4739
4044
3400
838
5755
7208
2212
2370
7062
6745
1562
1505
6913
1052
6616
1752
5989
6075
2511
2998
7469
6026
5772
3665
670
1078
8719
8535
200
3734
3693
1922
6015
7953
9129
8447
8174
2707
589
2218
7857
4360
7243
3452
9499
4033
4996
2478
7355
2995
8165
1617
1643
4636
5618
4343
8854
780
3621
6018
3935
3687
7783
1701
9825
7161
9899
4082
8701
9743
2081
8630
9385
1525
7462
7574
3756
532
8764
7867
5317
1837
6347
5068
8582
1737
1664
7100
457
7709
2190
4776
651
2270
9922
1422
8680
5793
8195
4196
7956
810
9884
4356
7050
6227
1658
6067
9502
3058
5899
3840
4074
4167
8061
6606
8334
2523
1720
187
252
9770
7516
7994
2515
3484
3534
7366
1784
171
6882
1822
3304
1413
5464
729
4111
7007
3930
9341
2844
5385
7566
6260
1989
9683
8323
3000
1988
4748
6837
3127
2133
3306
8760
3743
758
4632
3751
5794
7032
3944
2130
4438
6846
4875
4717
3721
6898
5402
4178
2728
7203
2416
1185
8551
9016
8457
5941
9648
2755
2958
35
9276
665
1439
2179
2027
3080
5854
9838
4623
2880
3222
2474
1702
6926
8999
4158
2038
5182
5262
2688
2054
6272
2372
2645
1249
4509
1656
3501
8851
6551
2971
195
6980
6130
6319
6906
8930
7
4487
9179
1402
1145
6970
7883
1609
1597
4533
8792
6670
8881
1115
6195
6821
7340
1549
1964
9461
4068
3468
9438
2876
4007
2265
3142
1214
3302
7506
6664
9027
8098
9962
398
6959
3369
4569
1398
7647
7691
755
3986
7454
5989
8885
1078
292
5595
7291
2975
4315
4634
7325
8737
1212
2398
6741
961
9078
8969
6784
114
9091
5941
3978
1368
8808
2792
274
4570
4341
9729
3978
2414
6097
8444
2839
8482
8306
3221
1900
4279
5553
4780
1969
5372
6174
3021
912
3551
3390
368
2524
6311
7227
4388
6989
2523
2210
6964
834
2771
8196
17
9659
6600
8608
6699
9887
2722
514
4662
23
8772
5476
1182
8749
5377
3958
2001
8928
5707
7199
6207
1393
2932
419
8963
8280
9755
5635
845
5282
5643
4287
1100
8505
613
812
5414
9558
290
9629
6639
6739
2335
3200
4019
3633
1421
5935
163
2982
9584
9434
5759
9385
9005
2982
4393
5187
5182
8002
8237
7623
7180
318
9332
9105
5333
1902
9049
5464
6316
4065
3588
384
3334
9773
5294
9198
2825
2783
945
9161
9271
5342
6817
9353
2931
3462
8416
7150
7846
3907
8308
4094
575
6521
9178
5553
8833
6034
4008
8448
3571
3073
8965
3453
7820
5168
6715
9628
4053
2167
8270
6888
8969
1548
1159
5306
2885
9345
7395
8025
9051
887
6601
6328
6260
6938
5487
3442
3880
3894
9817
7899
3494
1602
7681
1207
4390
2372
6489
3364
883
9593
1468
776
1
2343
2747
9332
4621
9107
8479
2733
7559
999
7456
1310
3206
8010
5126
7689
2352
8921
6277
4249
8579
9194
2497
7274
6159
1391
9582
3108
1864
6067
7406
9406
514
8712
5611
5399
7672
8297
1322
5835
6987
5943
9389
4410
1284
3994
3693
1761
4041
6415
8597
1269
4944
5188
5589
9793
5688
3815
5514
6137
7038
6401
2648
938
3303
5521
2318
5347
1390
8433
5947
7084
2153
7513
9202
7356
8283
8304
3892
3455
370
8303
9854
4451
2714
6167
938
2761
3001
1623
8631
8292
6504
5000
4113
5750
9515
3305
4766
8828
9760
1904
5560
242
5907
4347
3484
7501
4846
301
7818
8679
4080
5036
353
8651
1988
4589
2745
7173
9870
356
8142
3488
3643
4981
4005
858
8684
627
1203
7368
3534
6693
746
3018
8081
9164
4006
2911
6095
3531
2040
911
242
6405
1978
8827
1000
2519
2316
6062
3655
3725
4680
8412
1462
4788
940
283
9566
9862
8466
500
4985
2605
2742
5171
1028
9304
1184
8382
5713
1337
3960
3270
1739
134
2207
7833
3112
710
4940
5301
2384
9279
8482
8422
2576
2919
1900
9462
645
3194
5400
3715
380
5426
1576
3943
3146
3951
6535
6158
1008
6171
7394
5310
4589
5760
3618
9403
7254
9378
4678
5515
2735
3121
8665
3610
3314
5282
4249
8226
3752
2336
9231
1992
7771
8391
1162
10
3404
8568
2181
6414
6714
4702
9573
9326
4541
3951
1652
9716
1408
9163
978
2061
9581
2745
2598
1383
5910
4842
2747
4186
5615
8471
7862
1997
7357
8385
2975
2703
5093
4770
824
2810
4975
7872
7648
6938
1280
8022
8815
4820
5007
1631
4665
9995
6879
1522
7048
4239
4250
3848
693
1618
6620
3127
8856
8606
5636
454
5596
556
1003
5126
2070
4460
268
7907
172
1629
3614
315
5665
5867
7739
5085
1383
5646
341
675
1247
47
3774
1145
1956
8508
2118
2029
4900
5477
4158
4778
4526
6403
2136
4751
8997
6283
2093
9997
4737
4302
6691
8652
3695
7733
9331
4572
3786
2027
161
6518
3005
5360
5425
7464
2520
8388
7050
259
1349
4715
8169
8246
9003
4887
921
637
1716
7911
6292
7422
3974
23
9614
9714
6364
6732
1049
2672
9987
7733
6956
7987
3097
9235
8885
9814
5180
6363
1618
9755
4727
4594
8091
6340
7484
1594
640
7148
3333
8064
6254
1156
7924
4562
8980
3268
1579
6185
2665
3821
4829
682
1541
8100
4286
4435
6773
7983
7694
2383
4201
1046
8942
1064
2278
3360
6423
8117
1047
8574
9105
6670
4929
4126
5148
1285
1255
8702
8873
7790
3792
2952
5463
7403
9514
7889
4788
7984
5373
6043
9893
6236
5672
6408
4042
385
9047
1787
674
3297
8659
157
3061
7512
7418
2710
7912
1709
6496
2402
7120
771
1062
6860
2483
2700
7845
8933
9189
4653
3854
5853
5029
7710
7760
2130
7299
6559
784
2815
5364
4012
111
3291
7386
1002
1685
6817
2167
5426
51
1601
7495
2840
2025
3930
6961
8168
9478
3551
5771
7879
2732
8468
2049
1338
9235
6334
190
3609
236
9697
4269
5015
9681
7578
3786
5357
7296
5131
1477
7139
9656
4838
7592
7267
3605
4495
5746
793
9738
6628
9954
7083
4742
883
2512
7277
6888
2485
6102
6114
1517
1125
2562
4558
6075
1281
6950
4770
623
8220
2660
6027
765
8483
4301
6493
1501
3851
8384
2277
5187
6954
543
2551
3383
4518
4872
3574
9247
5363
5935
8864
283
2356
8090
8944
9573
6251
1980
6325
5121
4973
4400
7240
8355
3399
3372
4576
6836
7697
8090
8225
9502
2904
7992
6368
3387
2694
4233
1463
1101
7738
8007
7153
429
4882
8802
6518
7278
6440
1647
9029
5891
2759
6540
765
2097
8010
907
1587
4675
8164
4973
5833
4562
2411
9900
5444
2747
7474
8330
1604
1386
5632
2098
5777
1597
7719
1716
4295
7423
7845
3667
5572
3
3990
134
7556
5563
5869
5453
2337
6255
5731
174
7947
2669
7207
681
5474
328
109
9195
6117
7317
909
2957
6437
2863
2588
211
2524
8803
7675
1475
4968
6786
1193
5971
3355
7894
4492
3831
3381
4942
6568
6819
146
5407
9344
2168
5912
5110
4552
140
3628
7606
8670
5588
4629
2251
2821
3
5976
1804
8108
1234
2422
3231
6441
8422
8027
1973
5854
3751
9541
5256
7920
7241
514
1661
5988
576
6832
4040
249
2745
2346
3793
9520
1040
3561
4366
3903
5024
5950
2997
7410
1752
9526
2404
371
902
5317
3111
1332
5303
6154
4561
9397
1010
2616
7249
2756
4787
334
9066
7555
2601
5372
7438
8636
3419
3478
7481
9454
1560
8571
9999
9098
8619
7207
6260
9042
933
1015
6616
727
3835
2999
5188
4108
9989
4658
396
1956
6127
1393
8142
1496
1628
5416
7906
4613
1527
1396
228
5799
7218
4669
5866
1604
2961
7983
9479
3974
323
7408
7838
9430
3952
745
8566
9600
8977
8725
3658
8169
3723
8138
6353
6609
7854
1466
2007
4607
2801
6163
5771
7355
6383
2905
2984
6917
7513
9589
1305
4947
8520
758
2719
5695
5757
251
6932
7600
425
8131
4316
2787
9245
4009
3404
2499
9341
6123
2186
4351
5252
4760
5907
2886
5117
8088
4022
9792
8616
1293
524
2727
2899
5157
2757
9978
4946
5228
8931
6631
469
2184
2517
7600
5880
1287
5639
1132
2877
4214
9487
9977
1177
3547
1351
181
9064
2701
4054
9344
1404
40
4458
9191
7407
2244
2845
6500
8117
4507
151
8751
9438
8284
7214
8670
404
5082
6555
1898
2143
1479
2242
8102
4562
1627
1540
942
6701
3184
6115
8352
7206
843
3651
5865
2312
6339
4345
2019
7506
34
9162
3657
7814
2431
959
9199
1534
6916
5994
4382
9086
6725
2187
6785
8156
5121
1107
5818
6080
3725
6943
5192
7123
4209
6526
6037
7651
1647
8182
9696
4003
1086
4116
1582
4459
648
6766
3393
2798
9741
6895
689
8149
1130
98
5095
7101
2179
3444
8398
7360
8436
7119
9317
2099
7443
27
5195
5726
6799
35
3840
4700
3087
5348
5010
6262
7464
4473
9489
4838
2519
3388
3976
8684
3790
7362
6252
7781
943
5880
5518
3236
3284
2505
2745
8745
3838
5458
7550
3237
8638
5641
2125
9872
7625
8941
9059
1538
4243
2745
6696
9748
4526
3745
6565
9264
1456
3780
1242
9650
9013
8565
5038
5989
6402
7951
3013
5179
6938
4880
5942
7574
635
1588
6046
7812
1861
8224
7084
7621
9701
7401
7646
2192
8700
4975
1655
1434
7407
9286
818
9008
7779
4222
892
8522
8373
2784
1084
874
7070
5589
8587
516
8537
7552
1095
9026
303
7673
1610
3304
9737
9667
7746
5404
7069
3528
6123
6085
7351
1565
1783
6015
6778
7698
9038
5271
7235
2325
8254
6962
5294
1890
3505
2031
9461
2306
5353
6649
6022
5472
6069
9871
6777
690
8267
2201
4152
7372
8668
5751
8058
2465
4236
9896
1228
5051
6293
7750
312
9663
1360
2217
3959
1365
8717
7834
5560
6544
6022
4937
8684
6622
7483
7622
9293
8271
7781
6454
7344
1798
903
4181
1187
9287
5116
4896
357
1855
3871
7831
2505
3085
1033
3683
4370
7585
3983
9390
2780
4337
4216
5152
3388
492
2058
2026
4324
1569
9391
402
1366
6063
4153
7405
7364
1217
4282
4735
1946
5914
5854
9861
3808
4410
422
9470
8268
8253
5204
3339
8512
1525
5568
3694
2334
7177
926
2358
8361
2463
9832
1196
3068
864
4256
9118
2135
2503
3255
2660
5130
8904
2362
132
5138
3409
2398
2101
6479
4877
910
8149
8303
9776
9024
3189
6123
5565
9926
3521
8506
7263
9464
553
3756
2868
4371
527
7819
7898
9809
4939
3684
5505
1696
7457
6275
8932
7327
8099
9361
4399
2708
6180
5164
6733
1410
5353
8851
5041
3458
4308
4207
4087
5566
6011
8601
9087
1906
2369
6700
3666
2996
9882
5341
487
7438
7331
3311
593
2894
3478
7474
1149
1246
5597
860
9935
5172
1418
171
5361
3
9202
8350
3895
6923
1548
686
1670
9307
7159
3988
526
3340
1754
9074
1693
329
5989
3586
6010
4560
9901
854
893
2576
9881
1572
3886
5697
6518
5349
7616
4516
8304
6010
6305
8040
1764
7328
964
3073
9142
9007
2584
6139
5456
1206
2512
3690
9671
2446
6609
6413
7952
5689
6183
500
4267
783
9914
9148
6582
1885
2393
4246
576
821
6363
6103
1003
4692
5607
1329
7494
7490
5636
9185
7774
6529
8004
6673
788
1766
7632
8574
6510
2263
4693
3635
1236
337
7146
6403
825
5001
4183
3870
6558
3849
3175
912
7164
7457
6224
5545
6574
4969
5990
8290
9348
2312
9013
5659
347
9479
2339
8616
25
1014
9516
1048
2277
2564
2833
5908
2660
5208
9349
8982
3426
6202
5153
3835
8978
1250
4744
8400
3778
8387
9868
6850
8228
6246
4203
4744
7807
352
3712
5209
2845
752
9759
58
1467
3858
5364
1427
10
1812
4687
8676
4124
9361
6342
4291
5694
5030
7627
2259
6535
9359
3430
2971
1869
7545
4813
501
6741
7064
8453
733
1039
6796
5595
2184
3570
2984
5762
8669
6660
66
9844
6815
8629
5879
7502
3960
2053
9889
3718
8199
2698
626
7382
9332
8175
6381
6814
44
3114
1713
2310
5465
2417
9448
6839
3950
3132
3599
5694
9331
7071
9441
5066
5486
9370
6071
9414
126
2943
2609
3293
6621
7620
3642
8214
4379
57
3457
4372
9434
8331
1933
5977
7065
2111
6514
6219
5676
6098
276
4683
4634
3185
350
4768
7506
5885
7497
3592
1435
2866
4955
8793
7029
2838
6018
1385
6579
1316
79
753
4913
5639
2064
6407
2989
3716
6814
7358
3607
5712
3834
7303
2656
9228
4071
9028
8407
3903
1459
9241
4980
1115
3966
2058
7614
4497
4160
8324
5736
3205
5222
5863
6427
5295
2273
225
4249
8710
1872
8404
1621
2781
7292
7122
8303
7486
2903
9443
7411
5072
3741
6402
5662
6647
6841
4013
2187
3810
9358
9009
4920
1135
809
7946
4630
5639
7105
3757
287
5781
3518
7446
7171
7678
2687
7845
7851
6038
2422
6686
9303
906
1594
7249
1646
2123
7033
2030
3333
3631
5590
9557
2907
4904
3852
2719
9542
7472
9798
1610
6123
9273
6250
2221
7105
1240
6721
4896
555
2042
4270
4909
8548
3226
5704
3889
1269
1071
9135
769
48
7583
777
4301
3198
6731
6229
2770
33
3035
3646
4070
1640
1096
910
9876
343
9886
4599
8676
6493
475
645
9920
6490
7341
9072
6897
8745
4197
9011
3398
983
4256
5670
8012
5662
5162
3394
6739
1420
6993
5495
2605
107
5655
2353
9411
3979
8201
5494
7633
3876
4851
4303
4278
9201
7687
1126
5971
1645
7451
2413
1361
7788
6350
5789
9257
454
2293
3931
165
1174
9580
5275
2783
9861
3499
8575
3521
3065
2864
4273
3441
6130
1956
6062
2344
2999
9073
6065
9231
7477
6616
3438
1739
2369
1113
4999
1912
3713
9574
9010
4731
8179
9771
5006
7678
3757
7737
4903
4465
6656
599
5860
9475
3352
148
4279
5778
8982
465
8257
5112
4188
9287
5867
2539
478
8111
8379
7491
7938
644
67
4198
6381
7373
4828
4294
441
6210
8152
8745
4298
5351
1479
493
2223
8364
2532
8308
3929
4030
1779
6129
324
3831
6641
1116
7436
3915
477
7430
2402
5142
8938
4680
851
4124
7687
9839
4008
6323
8780
491
3460
3031
4613
4077
4676
8065
1217
5643
205
9793
3560
8548
7605
1367
6471
5275
7540
9331
4719
6784
8233
4569
8762
1742
7701
7237
2952
8004
6544
4463
6109
7255
9072
23
7088
3652
2623
1439
5105
9747
1271
8455
466
9812
6399
8191
9597
4071
4047
1421
3504
5949
3470
7655
9404
5642
7203
1178
5086
3781
4362
608
5881
6603
2186
2936
2843
6806
8769
9580
1044
4570
41
6529
4402
3317
8189
3150
2386
9843
3413
2043
2709
2917
8635
51
262
2573
6488
5499
9724
1601
3241
4055
3928
831
745
9374
6731
1376
9491
975
3134
1015
3072
528
8986
2482
1163
2278
5955
3589
7642
3539
7574
1132
4717
1729
5148
898
1656
6351
641
3401
6085
184
4700
7715
8148
4460
9434
6257
4752
9541
3650
998
3741
8290
3129
6970
562
6231
4703
903
7483
8518
565
2488
2081
5765
6886
8296
2317
4072
954
2121
8897
9679
7962
4435
2265
7879
9386
5355
6513
750
6870
4645
606
1422
6478
6916
4925
7507
6640
7094
386
7577
6475
4053
4619
2375
7807
4314
947
3132
5602
3240
5370
860
452
8183
7136
7678
1350
4041
7330
2909
704
9962
1687
2790
426
5958
8916
8799
9748
529
9592
6193
5728
9519
3666
5579
3759
1867
8600
7978
8050
2648
9684
9497
8573
8517
2434
3415
5769
485
3378
7458
820
8668
3952
1474
6643
1164
6936
6053
195
9838
2483
8992
5874
5664
4292
4053
7792
2765
3421
7791
2720
9740
5312
6965
3602
7036
5789
4434
2307
4902
5977
4425
5660
8744
3276
3531
5043
7590
3137
7804
9057
6074
3851
2452
1641
8130
553
2780
5352
6452
2663
4498
5790
5656
5159
796
3612
414
7354
788
8367
3989
7988
595
1667
2855
3814
9763
7429
5033
2556
4577
3195
5038
5706
1217
2576
1635
6154
1391
8976
9251
8613
8587
3442
3790
8309
9568
17
2879
7928
6290
8393
6990
5944
1568
4489
8037
6443
3281
4337
2795
5074
7307
850
6949
6177
5491
7988
6436
5280
6220
2520
5602
6818
8508
9827
2866
5178
819
3317
832
2216
2886
4662
8390
6284
4390
824
7632
2304
1417
4251
9829
8760
9607
4234
1433
1112
5918
4922
5746
4843
4325
1984
8332
1984
500
5027
7735
3837
1750
9475
9664
3103
8965
7833
1214
6736
3732
2385
6696
6923
582
4991
3071
8993
2989
1371
8645
346
1362
7268
4532
4923
3098
3113
816
5909
3024
2819
3659
5167
6957
8052
8772
7717
269
71
5062
3123
1156
9438
6198
4495
3131
1957
5637
8317
8172
1286
2663
7311
8024
5654
1411
1628
5542
8219
8178
7944
9889
2345
4952
5873
5375
8064
5322
6888
7466
3741
7999
685
421
2396
6042
1693
8916
6114
2926
417
6012
1956
8034
9991
4754
3116
9861
9453
2164
5396
8456
9198
2948
133
3027
4267
71
